0.785397	0.782222	0.6455048124
0.824762	0.808889	0.532056515416
0.826032	0.848889	0.408146341642
0.84	0.848889	0.3957978338
0.850159	0.832593	0.38349366188
0.846984	0.851852	0.361122782032
0.854603	0.857778	0.37015898029
0.852063	0.860741	0.364576111237
0.848889	0.85037	0.379145806034
0.864762	0.851852	0.358564342062
0.860317	0.841482	0.335711126526
0.857778	0.877037	0.353201096257
0.850159	0.859259	0.378673930963
0.857143	0.857778	0.338211774826
0.83619	0.863704	0.36719571054
0.862222	0.868148	0.354948669672
0.857778	0.874074	0.34685220321
0.857778	0.872593	0.342966218789
0.875556	0.848889	0.321952864528
0.864127	0.853333	0.329986924926
0.859048	0.86963	0.353867302338
0.861587	0.859259	0.332134818037
0.866667	0.860741	0.338581298788
0.870476	0.848889	0.322395655016
0.869841	0.862222	0.335892379284
0.851429	0.865185	0.339011798302
0.850794	0.844444	0.349791452289
0.857143	0.857778	0.344106932481
0.84381	0.86963	0.359108438094
0.863492	0.847407	0.318432589372
0.866667	0.857778	0.34334970514
0.872381	0.854815	0.312078128258
0.871746	0.862222	0.333928833405
0.864762	0.874074	0.330873385072
0.862222	0.862222	0.325254037976
0.868571	0.86963	0.344456707438
0.866032	0.878519	0.328091119726
0.864762	0.878519	0.335885822773
0.873651	0.860741	0.32667752107
0.879365	0.848889	0.310071061055
0.873016	0.860741	0.315675154328
0.872381	0.874074	0.332187930743
0.867302	0.868148	0.319472735127
0.875556	0.868148	0.304476248721
0.875556	0.871111	0.303352897366
0.873651	0.875556	0.321756007771
0.869841	0.882963	0.321686074138
0.87746	0.865185	0.327081014713
0.873651	0.872593	0.317688340942
0.874921	0.863704	0.324730182687
0.867302	0.893333	0.324670627713
0.875556	0.877037	0.303035703798
0.867302	0.888889	0.336991796891
0.866032	0.872593	0.31566088895
0.884444	0.860741	0.315710137288
0.873651	0.872593	0.318328976631
0.88254	0.878519	0.310917352637
0.876825	0.888889	0.314126801987
0.874286	0.887407	0.322193066279
0.874286	0.88	0.31633549432
0.857778	0.872593	0.313323120276
0.874286	0.874074	0.300723957519
0.88127	0.89037	0.321632092198
0.87746	0.885926	0.330555558205
0.88254	0.878519	0.306756819288
0.884444	0.877037	0.295891876022
0.860952	0.865185	0.315341542164
0.88254	0.88	0.31607256333
0.884444	0.885926	0.294556503495
0.883175	0.875556	0.285897932947
0.883175	0.888889	0.298797463377
0.878095	0.878519	0.289462765058
0.875556	0.878519	0.300908982754
0.880635	0.894815	0.295284713308
0.886984	0.882963	0.28137208273
0.88	0.887407	0.284282895426
0.88	0.893333	0.289151723186
0.883175	0.893333	0.287474917869
0.879365	0.900741	0.305027899643
0.886349	0.882963	0.292444224159
0.879365	0.878519	0.290671264132
0.894603	0.875556	0.278961474697
0.890794	0.878519	0.292526538173
0.88381	0.905185	0.298698097467
0.893968	0.865185	0.267150019606
0.873651	0.899259	0.303099180261
0.884444	0.897778	0.296473207573
0.889524	0.888889	0.292591378093
0.888254	0.884444	0.271570943296
0.884444	0.891852	0.277630704145
0.892698	0.875556	0.269343003631
0.880635	0.897778	0.286764726043
0.892698	0.872593	0.262594451507
0.886349	0.893333	0.283962945143
0.874921	0.877037	0.300969858964
0.893333	0.882963	0.293243641655
0.893333	0.896296	0.291493882736
0.889524	0.89037	0.271757617593
0.891429	0.878519	0.266984924674
0.886349	0.893333	0.306094105045
0.884444	0.896296	0.27476743112
0.881905	0.89037	0.267895825207
0.893968	0.888889	0.26640231659
0.88127	0.877037	0.290949009359
0.88254	0.912593	0.30817202727
0.878095	0.893333	0.292134861151
0.889524	0.86963	0.28904046615
0.896508	0.859259	0.263309456408
0.893333	0.881481	0.265612612168
0.893968	0.882963	0.262316999336
0.890159	0.905185	0.280151903629
0.893968	0.896296	0.276020221412
0.894603	0.887407	0.253588599463
0.88127	0.908148	0.290254369378
0.879365	0.896296	0.274233140051
0.885714	0.884444	0.280365534127
0.883175	0.894815	0.29103346169
0.883175	0.912593	0.294455687205
0.889524	0.899259	0.279339720805
0.897778	0.86963	0.266809739172
0.891429	0.897778	0.271919950843
0.892063	0.903704	0.273937424024
0.897143	0.89037	0.256082122525
0.902222	0.887407	0.246418612699
0.894603	0.896296	0.263797707856
0.896508	0.893333	0.265443334977
0.898413	0.891852	0.250425763428
0.902857	0.884444	0.250774028401
0.898413	0.882963	0.242935058971
0.894603	0.900741	0.258416891098
0.899048	0.884444	0.239873044193
0.899048	0.893333	0.270623102784
0.88127	0.902222	0.259394307931
0.890159	0.902222	0.270777285099
0.897143	0.885926	0.254980174204
0.892698	0.896296	0.287698204319
0.892698	0.897778	0.262757537266
0.900317	0.884444	0.240328078469
0.900952	0.89037	0.248322042326
0.909206	0.89037	0.243090480566
0.874921	0.900741	0.25834351033
0.900317	0.885926	0.263276726007
0.899683	0.882963	0.264730326831
0.886984	0.902222	0.273598879576
0.894603	0.884444	0.252088986337
0.902857	0.885926	0.261229611933
0.899683	0.908148	0.258872350057
0.907302	0.887407	0.241153101126
0.895873	0.905185	0.26413363715
0.890159	0.896296	0.257977637152
0.899683	0.885926	0.244895525277
0.901587	0.896296	0.249801446994
0.899048	0.891852	0.245248253147
0.899048	0.887407	0.251088030636
0.907937	0.89037	0.2314474533
0.895873	0.899259	0.237621756891
0.893333	0.877037	0.241869643331
0.912381	0.89037	0.251522704959
0.907937	0.89037	0.248532940944
0.904762	0.897778	0.234948314726
0.907937	0.882963	0.233300834894
0.900317	0.891852	0.234713303546
0.909841	0.906667	0.234028396507
0.902857	0.902222	0.230092292031
0.899683	0.899259	0.239186880489
0.897778	0.89037	0.258301774661
0.902857	0.900741	0.233501926064
0.902222	0.897778	0.232298945387
0.903492	0.908148	0.247147945066
0.898413	0.914074	0.251658094426
0.889524	0.906667	0.240483810504
0.894603	0.875556	0.252566538751
0.894603	0.874074	0.249942575892
0.909841	0.891852	0.222682436307
0.904127	0.899259	0.230984851718
0.904127	0.914074	0.226643907527
0.916191	0.893333	0.217210190992
0.908571	0.903704	0.219893753529
0.912381	0.893333	0.226543950538
0.906667	0.88	0.20664314429
0.907937	0.897778	0.247232144078
0.907937	0.917037	0.242129174372
0.906032	0.915556	0.231249478956
0.911746	0.905185	0.236491662761
0.908571	0.902222	0.231714802484
0.910476	0.906667	0.225213696559
0.908571	0.900741	0.213639358679
0.900317	0.891852	0.22303425024
0.911111	0.90963	0.216506329676
0.911746	0.902222	0.219611580173
0.914921	0.900741	0.21788969636
0.904762	0.906667	0.226214426259
0.908571	0.908148	0.220793286959
0.908571	0.914074	0.211666613817
0.916825	0.915556	0.207803192238
0.911746	0.918519	0.226935133338
0.911746	0.92	0.207644328475
0.924444	0.899259	0.203243384759
0.910476	0.924444	0.219251091282
0.911111	0.917037	0.204047935704
0.905397	0.921481	0.212425669034
0.901587	0.942222	0.242999921242
0.909841	0.924444	0.197147558133
0.92	0.918519	0.195968985558
0.909206	0.887407	0.212035040061
0.906032	0.918519	0.216937102377
0.920635	0.92	0.19928840672
0.904127	0.89037	0.190140614907
0.87619	0.903704	0.242917252084
0.899048	0.914074	0.228175302347
0.91746	0.915556	0.222878317038
0.92127	0.906667	0.206455106537
0.920635	0.908148	0.214097856234
0.930159	0.899259	0.202224557598
0.926349	0.914074	0.188742808998
0.92127	0.921481	0.1983106335
0.931429	0.903704	0.178784228861
0.926984	0.90963	0.201856153707
0.914286	0.92	0.205875970423
0.911111	0.915556	0.186462675532
0.925714	0.914074	0.195054709911
0.913016	0.928889	0.217717764278
0.915556	0.933333	0.197409202655
0.931429	0.897778	0.180818187694
0.914286	0.921481	0.194858471553
0.926349	0.931852	0.190389814476
0.91746	0.90963	0.197980687022
0.91746	0.888889	0.184516109526
0.925714	0.933333	0.203892317911
0.91746	0.90963	0.174224081139
0.880635	0.894815	0.209209931393
0.903492	0.902222	0.216524673005
0.912381	0.927407	0.199115696053
0.926984	0.917037	0.177538336565
0.91746	0.925926	0.195447400212
0.925714	0.936296	0.203454971313
0.932064	0.90963	0.187588758767
0.914921	0.934815	0.209017671645
0.928254	0.908148	0.182288892567
0.92381	0.934815	0.197265749176
0.92254	0.917037	0.178097931047
0.923175	0.931852	0.195195724567
0.935873	0.92	0.176773068806
0.928889	0.92	0.186206931869
0.925714	0.917037	0.200440237919
0.924444	0.934815	0.195096373558
0.921905	0.90963	0.19342255344
0.913651	0.905185	0.179922851423
0.931429	0.92	0.190029144287
0.933333	0.914074	0.166846358528
0.930159	0.924444	0.177639178932
0.931429	0.933333	0.183956878881
0.930794	0.93037	0.177952808638
0.92254	0.940741	0.193109502395
0.925714	0.934815	0.177210822701
0.925079	0.931852	0.182136520743
0.926349	0.924444	0.176347552488
0.937143	0.928889	0.188957621654
0.92127	0.925926	0.166666024675
0.928889	0.925926	0.181336077551
0.938413	0.922963	0.163566132387
0.932698	0.939259	0.179001443088
0.931429	0.921481	0.162571831296
0.937143	0.918519	0.167525765797
0.938413	0.939259	0.172365695238
0.944127	0.92	0.15141616265
0.939683	0.936296	0.15947179993
0.937778	0.933333	0.16683875521
0.927619	0.933333	0.18171004951
0.930159	0.925926	0.169909829895
0.930794	0.96	0.198587159316
0.932064	0.939259	0.171546493967
0.941587	0.918519	0.141966175288
0.937143	0.921481	0.152875381211
0.933968	0.939259	0.161544829607
0.940317	0.933333	0.142989357313
0.935238	0.931852	0.153568714857
0.935873	0.936296	0.17154853791
0.944127	0.937778	0.158795526872
0.926984	0.954074	0.160249600808
0.944127	0.925926	0.155293681969
0.948571	0.934815	0.158350041757
0.940952	0.925926	0.141179047525
0.929524	0.928889	0.14798973004
0.942222	0.937778	0.16904380545
0.937778	0.936296	0.160967608293
0.944127	0.952593	0.171356346458
0.945397	0.93037	0.16489665707
0.940952	0.931852	0.152582411965
0.944127	0.945185	0.157032728195
0.933333	0.921481	0.142694748938
0.940952	0.940741	0.159079485883
0.940317	0.934815	0.154954406122
0.937778	0.945185	0.143951563785
0.941587	0.955556	0.15339899684
0.945397	0.954074	0.144259896129
0.931429	0.934815	0.151103035857
0.934603	0.925926	0.167745580276
0.936508	0.924444	0.158034481108
0.941587	0.93037	0.148612573743
0.945397	0.943704	0.160175780455
0.939048	0.940741	0.150177824001
0.938413	0.937778	0.157571653525
0.946667	0.942222	0.151277812819
0.951111	0.925926	0.124806037794
0.945397	0.93037	0.148948968699
0.935873	0.946667	0.157174685349
0.939683	0.939259	0.157656165461
0.940317	0.934815	0.143789668878
0.941587	0.955556	0.159835328658
0.938413	0.94963	0.143650190284
0.947302	0.940741	0.142704634617
0.947302	0.936296	0.143725924194
0.949206	0.943704	0.133189518005
0.946032	0.958519	0.142541537682
0.947302	0.943704	0.135102711618
0.951111	0.952593	0.133682555209
0.945397	0.957037	0.124378280714
0.937778	0.958519	0.154839182893
0.942857	0.943704	0.129479121417
0.949841	0.954074	0.123593583082
0.944127	0.93037	0.132262660811
0.95873	0.936296	0.125538857033
0.953651	0.961481	0.133168173333
0.96	0.945185	0.123477645218
0.949841	0.948148	0.14594201992
0.951111	0.942222	0.142417229712
0.931429	0.94963	0.134912447383
0.947302	0.951111	0.161390662193
0.949841	0.943704	0.13329489405
0.945397	0.951111	0.118346817791
0.951111	0.958519	0.153825761129
0.959365	0.937778	0.114003090809
0.937778	0.924444	0.112520862371
0.953651	0.954074	0.126806154847
0.950476	0.954074	0.120734320333
0.953651	0.958519	0.121093021085
0.958095	0.952593	0.116986159235
0.95619	0.954074	0.113531934718
0.950476	0.94963	0.126071281731
0.951746	0.948148	0.136369856695
0.937778	0.939259	0.134737174958
0.952381	0.945185	0.144105836749
0.959365	0.945185	0.108288856844
0.95619	0.961481	0.11994959414
0.954921	0.94963	0.0994475105157
0.960635	0.958519	0.110415488482
0.966984	0.939259	0.116049550474
0.95746	0.958519	0.112625420094
0.954921	0.94963	0.107457917184
0.95873	0.954074	0.11069779098
0.963175	0.957037	0.101225995769
0.958095	0.962963	0.0971814133227
0.96381	0.965926	0.102710752438
0.92254	0.922963	0.112200924506
0.937778	0.940741	0.130269014587
0.941587	0.951111	0.142401038359
0.954286	0.964444	0.133759011825
0.954921	0.945185	0.122245252132
0.96381	0.954074	0.110302562515
0.965714	0.952593	0.0959877905746
0.954921	0.952593	0.106268074363
0.964444	0.952593	0.110287152231
0.956825	0.96	0.112424556166
0.948571	0.955556	0.154361212005
0.950476	0.94963	0.134103607386
0.954921	0.939259	0.11968404303
0.954921	0.951111	0.128272876143
0.956825	0.968889	0.125815314551
0.96	0.967407	0.109015576541
0.96127	0.962963	0.103472970426
0.954921	0.965926	0.102024296299
0.960635	0.955556	0.0952647980303
0.951111	0.96	0.0988366622478
0.963175	0.958519	0.0996264169614
0.96	0.951111	0.0913386630515
0.933333	0.945185	0.109733184179
0.96381	0.94963	0.111712682992
0.958095	0.940741	0.109431135158
0.959365	0.965926	0.10944586123
0.96	0.952593	0.109198970099
0.96127	0.936296	0.11033282429
0.961905	0.962963	0.0947023387998
0.96127	0.946667	0.0992262139916
0.96127	0.957037	0.100489011655
0.95746	0.958519	0.102503651132
0.966984	0.962963	0.0968292405208
0.961905	0.955556	0.11362187316
0.964444	0.962963	0.0977390526483
0.953651	0.952593	0.0990356691182
0.95619	0.954074	0.107182105382
0.966349	0.952593	0.0986753267546
0.966984	0.964444	0.0897657846411
0.966984	0.965926	0.0881322175264
0.96254	0.964444	0.0927652517955
0.966349	0.954074	0.0867524451266
0.964444	0.96	0.0902078188956
0.963175	0.97037	0.0933793162306
0.946032	0.967407	0.108880762011
0.950476	0.955556	0.165479013075
0.954286	0.96	0.131476487964
0.953651	0.940741	0.133939914405
0.951746	0.96	0.114416975528
0.954921	0.96	0.128751260539
0.958095	0.967407	0.111658209314
0.95873	0.976296	0.107358982166
0.964444	0.955556	0.0919708069414
0.96381	0.954074	0.0870982905229
0.956825	0.976296	0.100241940469
0.96381	0.97037	0.0949467017005
0.96127	0.961481	0.0825006204347
0.969524	0.967407	0.0831029141943
0.970159	0.958519	0.0964146902164
0.96254	0.964444	0.0827091162403
0.968889	0.974815	0.0830881334841
0.970159	0.957037	0.0803848393261
0.967619	0.965926	0.0849041678011
0.966984	0.97037	0.079082991307
0.970159	0.967407	0.0841861180961
0.954921	0.968889	0.106127539029
0.969524	0.962963	0.0961991728594
0.969524	0.967407	0.093475771447
0.968254	0.965926	0.0867571483056
0.972063	0.97037	0.0788818473617
0.968254	0.971852	0.0805788685878
0.970794	0.964444	0.0722380311539
0.971429	0.973333	0.0902498848736
0.971429	0.965926	0.0857946394632
0.966984	0.97037	0.0898417054365
0.968889	0.964444	0.0846782177687
0.969524	0.962963	0.0675124740228
0.966984	0.976296	0.0819323447843
0.970794	0.971852	0.0799205452204
0.96381	0.97037	0.0903705662737
0.969524	0.967407	0.0809948947281
0.969524	0.962963	0.0792056266218
0.969524	0.976296	0.0809167126815
0.970794	0.965926	0.0616005137563
0.972063	0.964444	0.0738480699559
0.971429	0.97037	0.070893469577
0.970794	0.97037	0.0798553141455
0.979683	0.962963	0.0622747850915
0.975873	0.965926	0.0816959030926
0.978413	0.965926	0.0750130477051
0.979683	0.968889	0.0703842124591
0.976508	0.977778	0.076377560695
0.974603	0.974815	0.0722652884821
0.970159	0.968889	0.0749294770261
0.971429	0.958519	0.0787562156717
0.970159	0.974815	0.0906802341342
0.96254	0.952593	0.120246935636
0.961905	0.954074	0.123582689712
0.971429	0.957037	0.0923526672026
0.965079	0.962963	0.109832086911
0.966349	0.968889	0.106481937071
0.972698	0.965926	0.0830684471875
0.969524	0.977778	0.0868713098268
0.972698	0.97037	0.0816745348275
0.970159	0.979259	0.0790376191338
0.975873	0.968889	0.0838374570012
0.965714	0.980741	0.0827273267011
0.978413	0.961481	0.0648446319004
0.967619	0.979259	0.0718791112304
0.975238	0.961481	0.0695002389451
0.972063	0.976296	0.0728096024444
0.967619	0.962963	0.0687515648703
0.971429	0.974815	0.0882981823136
0.976508	0.968889	0.0747692616036
0.977778	0.964444	0.0594442517807
0.974603	0.968889	0.0824724758665
0.975873	0.973333	0.0643778586139
0.975238	0.967407	0.0662037432194
0.975873	0.974815	0.0611680969596
0.976508	0.979259	0.0618606967231
0.972063	0.955556	0.0750004847844
0.972063	0.968889	0.0722697128852
0.972698	0.967407	0.0763168111444
0.972698	0.955556	0.0685747868071
0.975873	0.974815	0.0829519964755
0.968254	0.958519	0.0615880889818
0.970794	0.964444	0.0779740891109
0.975873	0.979259	0.071055209885
0.968889	0.957037	0.0659224800766
0.981587	0.971852	0.0715936037401
0.973333	0.974815	0.0753729082644
0.977143	0.976296	0.0714836449673
0.965079	0.976296	0.0620254908378
0.980317	0.974815	0.0657628364861
0.970794	0.976296	0.0752763828884
0.978413	0.976296	0.065893424054
0.982222	0.971852	0.0689950312177
0.977778	0.980741	0.0645939552536
0.979683	0.973333	0.0552313402295
0.971429	0.974815	0.067242451633
0.973968	0.96	0.0618311930448
0.975238	0.976296	0.0706282376001
0.967619	0.962963	0.100742220879
0.965714	0.965926	0.120215502878
0.958095	0.940741	0.109558348234
0.971429	0.96	0.0951148023208
0.973968	0.962963	0.0857701661686
0.971429	0.965926	0.0942777867119
0.972698	0.973333	0.0739670681457
0.976508	0.971852	0.0679124494394
0.979048	0.964444	0.0589343837152
0.980317	0.976296	0.0620837633808
0.973968	0.988148	0.0658110690614
0.977778	0.977778	0.0601969327157
0.983492	0.965926	0.0601119852314
0.977778	0.980741	0.0622333542754
0.979048	0.976296	0.057580076158
0.980952	0.977778	0.0608725100756
0.984127	0.974815	0.0480295646315
0.984762	0.97037	0.050720591719
0.984127	0.971852	0.0590682538847
0.975873	0.971852	0.0608157558988
0.982222	0.971852	0.0529572324206
0.985397	0.977778	0.0469537501534
0.984127	0.976296	0.0467901987334
0.982857	0.974815	0.0541620223473
0.972063	0.980741	0.0635109500339
0.979048	0.967407	0.0448040782164
0.978413	0.980741	0.0555817068865
0.972063	0.968889	0.0674187745899
0.974603	0.967407	0.0557760602484
0.975238	0.961481	0.0695077733447
0.979048	0.974815	0.0687998570502
0.956825	0.967407	0.0780440370242
0.975238	0.964444	0.0695746013274
0.976508	0.979259	0.0589799225951
0.978413	0.971852	0.0660089260588
0.977143	0.973333	0.061178503558
0.977778	0.986667	0.0582774790625
0.976508	0.973333	0.0564758839707
0.975873	0.977778	0.0595576105018
0.982857	0.973333	0.0466484629239
0.972698	0.973333	0.0898012245695
0.979048	0.980741	0.0618626987562
0.975873	0.980741	0.0600317151596
0.961905	0.958519	0.0859555962185
0.977143	0.971852	0.0710458892087
0.975873	0.96	0.060720147565
0.981587	0.982222	0.0683695413172
0.982222	0.973333	0.0555499745533
0.975238	0.967407	0.0591068981836
0.972063	0.982222	0.069866468509
0.977778	0.971852	0.0606051012874
0.985397	0.973333	0.0479229831447
0.982857	0.979259	0.0515030678362
0.982222	0.977778	0.0505824697514
0.979683	0.983704	0.0528269317001
0.981587	0.979259	0.0520000892381
0.984127	0.976296	0.0436835164825
0.985397	0.982222	0.0513342721388
0.978413	0.988148	0.0520254398386
0.975873	0.97037	0.0679858246197
0.979048	0.982222	0.0512002765511
0.980317	0.982222	0.0557312003026
0.977143	0.979259	0.0514633860439
0.984762	0.979259	0.0587684015433
0.986032	0.979259	0.0521774534136
0.984127	0.977778	0.0498207171137
0.981587	0.980741	0.0480964733288
0.982222	0.974815	0.0441325660795
0.982222	0.964444	0.0466676354408
0.984762	0.976296	0.0501792356372
0.972063	0.977778	0.0931963498394
0.970794	0.97037	0.0750531659772
0.972698	0.980741	0.0622549125304
0.972063	0.971852	0.050098429434
0.982857	0.979259	0.0577892741809
0.977143	0.977778	0.0517107617731
0.984762	0.977778	0.0479490794241
0.980952	0.985185	0.0490521180133
0.984762	0.985185	0.0441958325294
0.984762	0.980741	0.0448773335665
0.983492	0.96	0.0438766085232
0.975873	0.974815	0.0499678216875
0.979048	0.979259	0.0589152351022
0.979683	0.979259	0.0466208423798
0.979048	0.977778	0.042741396154
0.982857	0.976296	0.0524282145003
0.980952	0.976296	0.0498472756396
0.985397	0.983704	0.0507027503724
0.983492	0.977778	0.0519188381732
0.978413	0.982222	0.0475093917921
0.984127	0.971852	0.0484054759145
0.985397	0.983704	0.0431509719541
0.985397	0.980741	0.0443915609891
0.985397	0.977778	0.0487226846938
0.986032	0.982222	0.038751583236
0.987936	0.983704	0.0406544615204
0.989206	0.982222	0.0396508397534
0.986667	0.985185	0.0378168794947
0.986667	0.983704	0.0427636963626
0.983492	0.992593	0.0439449253802
0.988571	0.980741	0.0384647396083
0.985397	0.983704	0.0390728181228
0.985397	0.982222	0.0385037460364
0.980952	0.982222	0.037844977652
0.982222	0.98963	0.0465468727052
0.985397	0.986667	0.0421773906176
0.986032	0.982222	0.0384614228581
0.986032	0.982222	0.0385544480135
0.981587	0.983704	0.0528679359704
0.983492	0.985185	0.0405107326806
0.986667	0.986667	0.0413248414795
0.978413	0.980741	0.043602360102
0.985397	0.982222	0.0450619266679
0.983492	0.982222	0.0383753469214
0.980317	0.986667	0.0425049606711
0.986667	0.986667	0.047067182449
0.986032	0.991111	0.0419627043108
0.982857	0.980741	0.0416641791041
0.985397	0.988148	0.0431061610579
0.986032	0.988148	0.0500987650206
0.980952	0.980741	0.0402266914025
0.981587	0.991111	0.0508379327754
0.981587	0.974815	0.0432281208535
0.986032	0.983704	0.0426802827666
0.987936	0.986667	0.0464197105418
0.984762	0.988148	0.0379508308445
0.986032	0.980741	0.0379908916851
0.985397	0.983704	0.0373320754928
0.983492	0.986667	0.0327406931513
0.984127	0.988148	0.0442885458469
0.986032	0.982222	0.0398033441355
0.973333	0.955556	0.0613967229923
0.987936	0.983704	0.0621122301867
0.977778	0.976296	0.0763104291012
0.966984	0.951111	0.136673864598
0.960635	0.954074	0.133069134007
0.971429	0.962963	0.078202702105
0.967619	0.964444	0.0823271411161
0.969524	0.968889	0.0792137638976
0.973333	0.96	0.0655496551966
0.980317	0.974815	0.0653326020887
0.977778	0.965926	0.0524050462991
0.969524	0.971852	0.0642220595231
0.982222	0.980741	0.0673849768937
0.980952	0.979259	0.0487266158064
0.984127	0.982222	0.0509648409983
0.984127	0.983704	0.0472187437117
0.987936	0.964444	0.0382392175185
0.979683	0.985185	0.0505400989205
0.988571	0.983704	0.0448021913568
0.987302	0.983704	0.041242007787
0.989206	0.985185	0.0389032360787
0.986032	0.985185	0.043563524882
0.988571	0.980741	0.0322463155414
0.984762	0.986667	0.0434973842154
0.989206	0.983704	0.0373741559063
0.987936	0.983704	0.0365705957326
0.990476	0.977778	0.029804827335
0.987302	0.985185	0.0393744346996
0.986032	0.991111	0.0389722200731
0.987302	0.986667	0.0372856389731
0.989206	0.982222	0.0378924757242
0.988571	0.985185	0.0380058434481
0.984127	0.986667	0.0453896208977
0.986032	0.980741	0.0392409330234
0.982222	0.988148	0.0484968166177
0.984127	0.986667	0.0400605344524
0.986032	0.983704	0.039206136018
0.987302	0.980741	0.0400646822527
0.985397	0.980741	0.0390538675711
0.986667	0.986667	0.0433705132455
0.984762	0.982222	0.0389436123272
0.984762	0.986667	0.042989830176
0.987302	0.986667	0.0330023332499
0.984127	0.986667	0.0424363147467
0.986667	0.982222	0.0352048892528
0.987936	0.986667	0.0413254409408
0.986667	0.983704	0.0400843592361
0.982857	0.98963	0.0437295680555
0.988571	0.979259	0.0339462819199
0.986667	0.980741	0.0404511494562
0.986032	0.985185	0.035155076844
0.986667	0.98963	0.0356280999258
0.989841	0.980741	0.0347398724407
0.984762	0.98963	0.0362867583365
0.987936	0.982222	0.0334034077823
0.986667	0.988148	0.0361752545771
0.986667	0.988148	0.0373061789821
0.987936	0.982222	0.0385476782297
0.986032	0.991111	0.0392019515857
0.988571	0.977778	0.0390798669929
0.986032	0.985185	0.0451360885054
0.987936	0.98963	0.0367296502615
0.986667	0.988148	0.0401739031076
0.985397	0.98963	0.0427155516421
0.987936	0.986667	0.0422687920121
0.987302	0.985185	0.0370858432725
0.983492	0.995556	0.0442176200449
0.987936	0.985185	0.0326671550671
0.986667	0.98963	0.0359537362431
0.988571	0.983704	0.0318876824652
0.987936	0.98963	0.0330582773313
0.988571	0.985185	0.0355012593791
0.991111	0.982222	0.0287446929142
0.989841	0.983704	0.0310395713896
0.989841	0.985185	0.033179916131
0.987936	0.991111	0.0328995107363
0.987302	0.986667	0.033159407787
0.986667	0.991111	0.0305434204638
0.987936	0.988148	0.0344751946007
0.987936	0.986667	0.033627742591
0.989206	0.988148	0.0278077668821
0.988571	0.988148	0.0315194698051
0.988571	0.986667	0.0291670606627
0.989841	0.983704	0.0298640994976
0.986667	0.986667	0.0326696944733
0.986032	0.986667	0.0375136913111
0.986667	0.985185	0.0382950650528
0.968889	0.962963	0.0759876879553
0.982857	0.973333	0.0601666625589
0.979683	0.980741	0.0502326966574
0.984762	0.965926	0.0468470882624
0.971429	0.958519	0.0615497839948
0.977778	0.977778	0.0785701386631
0.987302	0.974815	0.0635554154093
0.983492	0.974815	0.053577867647
0.981587	0.97037	0.0489960300426
0.986032	0.986667	0.0554239402215
0.988571	0.977778	0.0366552847748
0.986032	0.995556	0.0415794973572
0.987936	0.983704	0.0348220476881
0.984762	0.988148	0.0406087767333
0.984127	0.988148	0.0360538192714
0.987936	0.986667	0.0365515393205
0.986032	0.985185	0.0334030771628
0.987302	0.988148	0.0424723029137
0.982222	0.988148	0.0406373146301
0.969524	0.985185	0.051773350065
0.977778	0.979259	0.0542239310841
0.989206	0.985185	0.0363877406344
0.987302	0.988148	0.0446388376877
0.984762	0.982222	0.0444058148811
0.986667	0.983704	0.0410879266759
0.986667	0.982222	0.0356331113726
0.981587	0.988148	0.0578015128461
0.987302	0.977778	0.0490814292183
0.986667	0.982222	0.0552972539638
0.984127	0.98963	0.0432740282267
0.984127	0.980741	0.0377173176967
0.989206	0.983704	0.0306109022349
0.984762	0.985185	0.0352189953749
0.987302	0.98963	0.0415055003638
0.987936	0.991111	0.0370704627906
0.989206	0.988148	0.0298519022763
0.988571	0.98963	0.030906576508
0.985397	0.994074	0.0355635710681
0.986667	0.988148	0.0342408502474
0.989841	0.983704	0.0284237870947
0.989206	0.983704	0.031324038282
0.986667	0.98963	0.0348257919153
0.988571	0.98963	0.0296327491912
0.988571	0.98963	0.0346783660352
0.989841	0.985185	0.0269780519108
0.989841	0.98963	0.0277630016208
0.989206	0.980741	0.0375766825552
0.985397	0.988148	0.0277573140338
0.987936	0.988148	0.0338063001012
0.990476	0.986667	0.0291670596537
0.987302	0.991111	0.0366252961879
0.991746	0.982222	0.0249982150272
0.987302	0.98963	0.0338442822297
0.977143	0.967407	0.0680520093689
0.984762	0.985185	0.040487832545
0.983492	0.988148	0.0459921589742
0.984127	0.977778	0.0547424672792
0.981587	0.976296	0.0350930389638
0.973968	0.954074	0.0587255582213
0.985397	0.971852	0.0511225899681
0.982857	0.983704	0.0516896670063
0.982857	0.974815	0.0516731534153
0.979683	0.973333	0.044416808368
0.984127	0.988148	0.0490890551979
0.987936	0.986667	0.0384091756617
0.986667	0.992593	0.0380114975075
0.984762	0.983704	0.0363425654359
0.986667	0.988148	0.0380035629496
0.987302	0.982222	0.0329754383614
0.982857	0.98963	0.0506290749957
0.986032	0.992593	0.0468697603792
0.984127	0.986667	0.0525898722311
0.987302	0.98963	0.0375700254614
0.988571	0.983704	0.0298674327011
0.987302	0.991111	0.0355957793072
0.986032	0.98963	0.0338976504281
0.989841	0.986667	0.0276472431918
0.991746	0.983704	0.0310640133296
0.989206	0.985185	0.0324351424351
0.987936	0.98963	0.0262596377482
0.989841	0.986667	0.0247893941899
0.988571	0.991111	0.0274945929026
0.986032	0.995556	0.0319581106305
0.989206	0.988148	0.0333360529815
0.989841	0.985185	0.0250841438149
0.991746	0.988148	0.0313536872466
0.989841	0.98963	0.031119972157
0.989206	0.98963	0.0290885089586
0.988571	0.986667	0.0324334132796
0.990476	0.983704	0.0280943818701
0.987936	0.994074	0.0361020869265
0.987936	0.992593	0.0279429511478
0.989206	0.98963	0.0318714554111
0.992381	0.980741	0.0222871112637
0.990476	0.98963	0.0307746638233
0.991746	0.983704	0.0230455505662
0.989841	0.988148	0.027799665307
0.989206	0.991111	0.0310992111141
0.986032	0.992593	0.0324969490369
0.987302	0.992593	0.0338416167845
0.986032	0.988148	0.0301280516821
0.972698	0.980741	0.033231068713
0.978413	0.982222	0.050792472437
0.977143	0.97037	0.0463071623817
0.982857	0.977778	0.0398701775509
0.987936	0.986667	0.0398296260585
0.986667	0.976296	0.0422852197662
0.987936	0.980741	0.0319041415739
0.988571	0.988148	0.0340393067648
0.988571	0.982222	0.0387427822376
0.986667	0.986667	0.034677506114
0.986032	0.98963	0.034140996635
0.990476	0.986667	0.0310170622543
0.990476	0.988148	0.0269928149258
0.987302	0.994074	0.0311066154391
0.989841	0.98963	0.0294599393383
0.991111	0.988148	0.0316199384009
0.991111	0.980741	0.0256215712676
0.989841	0.985185	0.0321732129281
0.989206	0.983704	0.0306045180187
0.991746	0.982222	0.032609436661
0.991111	0.988148	0.0266879275441
0.987936	0.98963	0.0325836036354
0.991111	0.988148	0.0276176991562
0.991111	0.992593	0.0299011251579
0.992381	0.98963	0.0260087639714
0.993016	0.986667	0.0180478896946
0.991111	0.992593	0.0250576284404
0.992381	0.983704	0.0214242387253
0.993016	0.982222	0.0207000631684
0.988571	0.997037	0.0296836917599
0.986032	0.980741	0.0321699967608
0.987936	0.985185	0.0277230396556
0.989206	0.991111	0.0444531673566
0.986032	0.982222	0.0574028687552
0.986032	0.982222	0.0396673418581
0.980317	0.982222	0.0748261002203
0.984762	0.976296	0.0404802054788
0.987936	0.983704	0.0468529484545
0.982857	0.980741	0.0477590359127
0.986032	0.976296	0.0349531980852
0.986667	0.988148	0.0374020282179
0.991111	0.976296	0.0284110596403
0.988571	0.985185	0.0313897204275
0.989206	0.992593	0.030457082515
0.987936	0.995556	0.0316797305519
0.991111	0.986667	0.0298487870023
0.992381	0.980741	0.0241521578282
0.987936	0.994074	0.031546796672
0.991746	0.985185	0.0222245657351
0.991111	0.988148	0.0290105321134
0.990476	0.991111	0.0291452485447
0.987302	0.992593	0.0305558393399
0.993651	0.979259	0.0234146413083
0.993016	0.983704	0.0257045803592
0.990476	0.988148	0.0229587056674
0.993651	0.986667	0.0255021052435
0.991746	0.98963	0.0298120109364
0.990476	0.988148	0.0255584283732
0.987936	0.994074	0.0327919184541
0.989206	0.986667	0.0295120221563
0.987936	0.98963	0.0267693799299
0.986667	0.98963	0.028352881937
0.988571	0.995556	0.0373467433577
0.985397	0.988148	0.0311186142887
0.984762	0.986667	0.0391664355993
0.981587	0.983704	0.0346026886255
0.990476	0.986667	0.0315850122521
0.990476	0.992593	0.0311961818176
0.992381	0.977778	0.018547273241
0.993651	0.980741	0.0256687214909
0.987936	0.986667	0.0317462496459
0.988571	0.985185	0.0312802420619
0.989206	0.988148	0.0254869811858
0.988571	0.988148	0.0336444290976
0.989841	0.985185	0.027605087962
0.989206	0.991111	0.0308373210331
0.991111	0.986667	0.0291954316199
0.984762	0.992593	0.034378166
0.987302	0.986667	0.036924989894
0.991111	0.991111	0.0243349960074
0.986032	0.994074	0.0330132332941
0.992381	0.983704	0.0242055005704
0.991111	0.986667	0.0218865599794
0.988571	0.995556	0.0290730634394
0.991746	0.991111	0.0217467638043
0.991746	0.991111	0.02203850355
0.991746	0.988148	0.0235109111915
0.989206	0.992593	0.0246946852033
0.989206	0.992593	0.0255574746989
0.991746	0.988148	0.0239800758039
0.988571	0.995556	0.0304280581574
0.993016	0.985185	0.0219846895585
0.991111	0.992593	0.0275369081646
0.990476	0.994074	0.024764599589
0.990476	0.995556	0.0272327897449
0.990476	0.991111	0.0252630136286
0.990476	0.994074	0.0262494624282
0.992381	0.988148	0.0214264284198
0.989841	0.992593	0.0264319085206
0.989206	0.997037	0.0267291845133
0.989206	0.998519	0.0303762058417
0.991111	0.995556	0.027140641585
0.991111	0.992593	0.0303214735662
0.987936	0.991111	0.0260378910849
0.987936	0.992593	0.03531973809
0.987936	0.988148	0.0292547096809
0.986667	0.98963	0.025750367747
0.990476	0.991111	0.0281895343214
0.992381	0.991111	0.0246829438644
0.993651	0.983704	0.0210235943086
0.991111	0.991111	0.0238617186745
0.991111	0.988148	0.0208846077633
0.992381	0.98963	0.0215354802397
0.993016	0.988148	0.0205346647805
0.990476	0.991111	0.0270447476457
0.988571	0.995556	0.0278720020627
0.991746	0.992593	0.0255551167453
0.989206	0.995556	0.024250618803
0.990476	0.992593	0.0223012448599
0.989841	0.98963	0.0244715396936
0.990476	0.986667	0.0222343268494
0.989206	0.986667	0.0242400810433
0.991746	0.985185	0.0250984071754
0.991111	0.991111	0.0214359991563
0.991746	0.98963	0.0270561622456
0.991746	0.986667	0.0262637796501
0.991111	0.995556	0.0295559555913
0.988571	0.985185	0.0253933801626
0.993016	0.986667	0.0325280992935
0.985397	0.991111	0.0487269821266
0.985397	0.983704	0.0341328162079
0.983492	0.983704	0.0432610598703
0.982857	0.980741	0.0315927920553
0.987936	0.982222	0.0794981115808
0.977778	0.988148	0.0771714014312
0.983492	0.986667	0.0523829367012
0.980317	0.986667	0.0453531757618
0.972698	0.94963	0.0713063819955
0.975873	0.977778	0.059831544136
0.984762	0.982222	0.0602453482958
0.989206	0.992593	0.0456013446674
0.990476	0.979259	0.0394750861451
0.993016	0.985185	0.033344344236
0.992381	0.983704	0.0345816562573
0.989841	0.994074	0.0320173067351
0.988571	0.992593	0.0314870526393
0.990476	0.98963	0.027337338465
0.991746	0.991111	0.0257023082813
0.992381	0.986667	0.0250985554109
0.993016	0.991111	0.029682259541
0.992381	0.988148	0.0194279535984
0.991746	0.991111	0.0215320019051
0.991746	0.992593	0.0223283278756
0.991111	0.995556	0.0224466316092
0.990476	0.995556	0.0252020728464
0.991746	0.98963	0.0241154997299
0.992381	0.992593	0.0245877066627
0.991111	0.98963	0.0187042346224
0.993016	0.98963	0.0198110553126
0.993016	0.986667	0.0261899700078
0.989841	0.994074	0.0256115637603
0.991746	0.991111	0.0289136118566
0.993016	0.985185	0.021811056106
0.993016	0.988148	0.0252493798422
0.991746	0.992593	0.0237163578471
0.994286	0.986667	0.0239706233454
0.993016	0.98963	0.0217612081518
0.993651	0.98963	0.0215246323496
0.989841	0.997037	0.0253763872509
0.994286	0.986667	0.0172031441083
0.994286	0.988148	0.0170917806681
0.991111	0.994074	0.022571878663
0.993016	0.992593	0.0186002457049
0.993651	0.991111	0.0199910167915
0.994286	0.98963	0.0214703561117
0.991746	0.994074	0.0217485319202
0.993016	0.992593	0.0215459899046
0.991111	0.98963	0.0266490861153
0.992381	0.98963	0.0230745924637
0.993016	0.985185	0.0201576926435
0.991746	0.98963	0.0212952441846
0.991746	0.98963	0.0177544028653
0.989841	0.98963	0.0216367704173
0.986667	0.991111	0.0312429011489
0.986032	0.992593	0.0306858809975
0.985397	0.985185	0.0238070550064
0.989841	0.980741	0.0354589580869
0.991111	0.988148	0.0220089663441
0.991746	0.986667	0.027632480332
0.991746	0.98963	0.0240259161219
0.991746	0.98963	0.0256878665338
0.989841	0.994074	0.0263669649139
0.991746	0.992593	0.0241197785363
0.993651	0.98963	0.0247121987243
0.992381	0.994074	0.0213301408803
0.990476	0.997037	0.0231716701916
0.994286	0.985185	0.0177083158245
0.991111	0.994074	0.0235052659797
0.993651	0.988148	0.020620998616
0.991746	0.992593	0.0198344818006
0.991111	0.995556	0.0264935782179
0.993651	0.991111	0.0225850762799
0.993651	0.98963	0.0209067106868
0.992381	0.994074	0.0224125852498
0.993016	0.98963	0.027861633338
0.991111	0.994074	0.0196134699509
0.985397	0.982222	0.0280906427652
0.984762	0.992593	0.0355685823597
0.993651	0.991111	0.0237083261212
0.989841	0.988148	0.0436195479706
0.95873	0.96	0.0803608198961
0.971429	0.964444	0.0659195301123
0.991111	0.988148	0.0434130940897
0.983492	0.977778	0.0500110695139
0.991111	0.982222	0.0330370115116
0.987936	0.979259	0.0360186866795
0.988571	0.991111	0.0417641857639
0.989206	0.991111	0.0323948818259
0.993016	0.991111	0.0254462123848
0.992381	0.988148	0.0312027167529
0.991746	0.992593	0.0239651580341
0.988571	0.997037	0.0242693087397
0.992381	0.992593	0.0246132931982
0.992381	0.992593	0.0236822057826
0.993016	0.992593	0.021495328052
0.993016	0.992593	0.0201645021637
0.991746	0.995556	0.0254291741488
0.991746	0.992593	0.0274053031268
0.993016	0.98963	0.0180271892653
0.994286	0.98963	0.0171572811281
0.991746	0.994074	0.0207299971177
0.993651	0.98963	0.0203643254936
0.991746	0.994074	0.0216506698634
0.989841	0.995556	0.0224272419388
0.991746	0.991111	0.0257232721585
0.990476	0.994074	0.0204156609252
0.990476	0.98963	0.0196186498118
0.992381	0.988148	0.0173205028599
0.989206	0.997037	0.0212873384977
0.993651	0.988148	0.0193548600655
0.993016	0.991111	0.0214620487144
0.990476	0.995556	0.0286501171067
0.991746	0.992593	0.0183998699455
0.991111	0.995556	0.0235342187807
0.993016	0.991111	0.0207737990034
0.993016	0.992593	0.0260459813289
0.993016	0.986667	0.017531857981
0.991111	0.98963	0.0184928080222
0.991746	0.995556	0.020424514388
0.994921	0.988148	0.0229704092878
0.991746	0.995556	0.0188612549876
0.991111	0.995556	0.0206623172077
0.993016	0.992593	0.0192081874314
0.993651	0.991111	0.0188743080944
0.994921	0.98963	0.0171942730279
0.992381	0.995556	0.0238494798541
0.993016	0.992593	0.0221899587971
0.991746	0.995556	0.0185602422959
0.993016	0.991111	0.019838467706
0.993016	0.992593	0.0185353063668
0.992381	0.995556	0.0197078092024
0.993651	0.992593	0.0162152727135
0.991746	0.997037	0.0195680864078
0.994921	0.98963	0.0178153857899
0.994286	0.98963	0.0146788890318
0.993016	0.992593	0.0187833000285
0.993016	0.994074	0.0171724174482
0.993651	0.991111	0.0222006156109
0.984127	0.986667	0.0304222083651
0.986032	0.977778	0.0363063720676
0.982222	0.980741	0.0719439766059
0.980317	0.97037	0.0887331739068
0.963175	0.96	0.0913498718292
0.974603	0.976296	0.0846399770429
0.978413	0.973333	0.0648464318365
0.987936	0.985185	0.0543132942791
0.987302	0.979259	0.0392026590804
0.989841	0.992593	0.0362823844577
0.992381	0.986667	0.0263992073014
0.993016	0.98963	0.025862725374
0.992381	0.992593	0.0289904767027
0.991111	0.995556	0.0261793144358
0.992381	0.992593	0.0239659372407
0.993016	0.991111	0.0229302730101
0.993651	0.988148	0.0204160305051
0.991111	0.997037	0.0232929472501
0.993651	0.991111	0.0234148496141
0.991111	0.992593	0.0223122086997
0.992381	0.991111	0.0215647636602
0.992381	0.98963	0.0203258455731
0.994921	0.985185	0.0177622982301
0.993651	0.991111	0.0210991498704
0.990476	0.997037	0.0279824052316
0.991746	0.98963	0.0201145036456
0.992381	0.994074	0.0221191380794
0.991111	0.995556	0.0220449372816
0.993651	0.98963	0.0201910968559
0.993651	0.991111	0.018746104363
0.993016	0.992593	0.0191824799404
0.993651	0.991111	0.0196459068296
0.994286	0.988148	0.0192784806713
0.991746	0.995556	0.0201558130793
0.991746	0.997037	0.0242985035293
0.991111	0.995556	0.0266570181896
0.992381	0.98963	0.0214996912206
0.993016	0.992593	0.0180332218297
0.992381	0.994074	0.0202017628277
0.991111	0.994074	0.0206977295068
0.993016	0.992593	0.0208631871889
0.991111	0.998519	0.0206011369204
0.991111	0.992593	0.024120117072
0.993016	0.98963	0.0220305671295
0.990476	0.997037	0.0229522343725
0.991111	0.992593	0.0177033069388
0.994286	0.98963	0.0258674471018
0.993651	0.991111	0.0225865772615
0.993016	0.992593	0.0203796181207
0.991746	0.995556	0.0210502747602
0.992381	0.994074	0.0179316922246
0.992381	0.994074	0.0162737574428
0.993651	0.992593	0.0164575827463
0.992381	0.995556	0.0179625473296
0.993651	0.992593	0.0160520081408
0.992381	0.994074	0.0211882119377
0.984762	0.98963	0.0208772669236
0.992381	0.980741	0.0150879275364
0.992381	0.991111	0.0237984179209
0.991746	0.995556	0.0258363024332
0.993016	0.991111	0.0165613304125
0.991111	0.994074	0.0210377289914
0.992381	0.991111	0.0221127034165
0.992381	0.98963	0.0245580470655
0.993016	0.988148	0.0186497067722
0.987302	0.991111	0.0286486170565
0.989206	0.98963	0.0239050661524
0.993016	0.982222	0.0221388760644
0.991746	0.994074	0.0195603314011
0.991111	0.983704	0.0206114134441
0.993016	0.991111	0.0229505216703
0.993651	0.991111	0.025614395272
0.991746	0.994074	0.0236147486915
0.991746	0.995556	0.0227938858637
0.993016	0.98963	0.0258656418882
0.993651	0.992593	0.0202140624945
0.991746	0.995556	0.0207154968133
0.993651	0.991111	0.0181363433755
0.991746	0.988148	0.0218933175008
0.991746	0.994074	0.0160923578078
0.994921	0.988148	0.017996463459
0.990476	0.995556	0.0234465245157
0.991111	0.994074	0.021692719621
0.992381	0.994074	0.0232271957211
0.993016	0.992593	0.0186878189755
0.991746	0.997037	0.0210822547475
0.991746	0.994074	0.0195921712051
0.993016	0.992593	0.0220458831949
0.995556	0.988148	0.0179334154818
0.991111	0.998519	0.0263847946189
0.991746	0.994074	0.0198511769219
0.993651	0.991111	0.0206381571479
0.993651	0.991111	0.0240330851326
0.991746	0.994074	0.0206562850314
0.993651	0.98963	0.0227301527436
0.994286	0.991111	0.0212819609248
0.991746	0.991111	0.022190626245
0.989841	0.992593	0.0261379336007
0.993016	0.992593	0.017130421591
0.993016	0.994074	0.0159010908101
0.991746	0.997037	0.0196636104956
0.993651	0.992593	0.0184964469324
0.991111	0.998519	0.0195781026656
0.994286	0.991111	0.0157376387312
0.994921	0.98963	0.0146190761589
0.993651	0.992593	0.0180465690792
0.994286	0.991111	0.0185811208406
0.993651	0.992593	0.0193077024693
0.994921	0.986667	0.0181247505049
0.993651	0.991111	0.015920920996
0.991746	0.997037	0.0153369052957
0.993651	0.991111	0.0219391085363
0.995556	0.986667	0.0183256375603
0.991746	0.991111	0.0177362937635
0.979048	0.976296	0.0309630134143
0.988571	0.991111	0.0276731060973
0.993016	0.991111	0.0367452281062
