0.812698	0.774815	0.528169035912
0.83746	0.84	0.428936208288
0.814603	0.820741	0.39876781404
0.840635	0.856296	0.398993735512
0.849524	0.847407	0.377487604817
0.848254	0.808889	0.369658350945
0.856508	0.842963	0.348433728019
0.851429	0.856296	0.357284858823
0.849524	0.878519	0.360995392005
0.868571	0.848889	0.356749673684
0.854603	0.868148	0.341878895958
0.860952	0.859259	0.350519056122
0.860952	0.857778	0.334304884076
0.850159	0.837037	0.35388439397
0.865397	0.854815	0.354572062691
0.866032	0.853333	0.331596843898
0.867936	0.851852	0.33412689964
0.860317	0.866667	0.347366690636
0.873016	0.857778	0.336324905356
0.862857	0.887407	0.346549113592
0.850159	0.853333	0.336744974057
0.869206	0.847407	0.313603629669
0.862857	0.842963	0.323513756196
0.866032	0.887407	0.344692374269
0.87619	0.875556	0.319222557048
0.88	0.866667	0.31064115713
0.84127	0.832593	0.314535247783
0.858413	0.88	0.333684116602
0.871746	0.881481	0.333475674192
0.861587	0.887407	0.3552129517
0.885079	0.859259	0.323564236363
0.872381	0.88	0.32508259515
0.88381	0.862222	0.310744648178
0.88	0.882963	0.320150112112
0.885714	0.862222	0.291978177925
0.867936	0.893333	0.317746182283
0.87746	0.891852	0.315631022056
0.872381	0.896296	0.324655398726
0.87619	0.874074	0.309178094069
0.870476	0.882963	0.32402891914
0.884444	0.86963	0.308309373756
0.87619	0.891852	0.310710777839
0.88254	0.865185	0.310197492441
0.87619	0.878519	0.303548639019
0.864762	0.88	0.314225549499
0.883175	0.89037	0.310932442546
0.883175	0.875556	0.288548464576
0.875556	0.888889	0.304245680571
0.886349	0.868148	0.281519574424
0.871111	0.899259	0.295597436527
0.87746	0.878519	0.290335988005
0.869206	0.906667	0.318621262908
0.879365	0.896296	0.293419323862
0.862857	0.847407	0.292209004362
0.893968	0.872593	0.306626297534
0.88254	0.88	0.296754280726
0.88127	0.887407	0.29621506234
0.875556	0.877037	0.293671650191
0.87873	0.881481	0.296579067906
0.88381	0.881481	0.282232244809
0.885079	0.875556	0.303418368101
0.888889	0.891852	0.286284193397
0.894603	0.882963	0.270847526689
0.853968	0.874074	0.301025251547
0.873651	0.891852	0.32037243247
0.886349	0.896296	0.28677833577
0.880635	0.888889	0.29140253365
0.895873	0.878519	0.274844904741
0.892698	0.881481	0.271730678777
0.888889	0.88	0.277803597351
0.889524	0.885926	0.295439861715
0.890159	0.871111	0.27369988958
0.878095	0.894815	0.258191158374
0.88127	0.89037	0.278982785841
0.895238	0.882963	0.295284966628
0.888254	0.868148	0.269011922181
0.890794	0.903704	0.282363541424
0.884444	0.896296	0.275291594366
0.898413	0.86963	0.272889380654
0.898413	0.888889	0.262695779403
0.887619	0.896296	0.263864636421
0.878095	0.89037	0.277801426748
0.883175	0.847407	0.265302273134
0.867302	0.866667	0.294500738382
0.893968	0.874074	0.280196326474
0.88127	0.90963	0.283094098171
0.887619	0.88	0.264825128019
0.885714	0.865185	0.258100323379
0.893333	0.884444	0.266277459761
0.884444	0.866667	0.269737804929
0.896508	0.884444	0.256472073495
0.890159	0.900741	0.265604871015
0.894603	0.885926	0.256397860746
0.885079	0.914074	0.269680855175
0.884444	0.86963	0.252684277793
0.905397	0.86963	0.258902815481
0.892063	0.893333	0.256493347387
0.901587	0.88	0.24320495377
0.887619	0.894815	0.257014224927
0.897778	0.90963	0.26106514285
0.899048	0.899259	0.252955908577
0.899683	0.891852	0.255976224939
0.906032	0.893333	0.234074051181
0.907302	0.887407	0.221456461896
0.890159	0.888889	0.232180787871
0.891429	0.871111	0.247602174679
0.896508	0.884444	0.239977625509
0.887619	0.887407	0.246326506138
0.892698	0.885926	0.255511574447
0.891429	0.90963	0.248867827157
0.895873	0.894815	0.259017340839
0.904127	0.888889	0.23822342356
0.889524	0.894815	0.257138438523
0.902222	0.891852	0.264751829207
0.890159	0.902222	0.254684453209
0.895873	0.887407	0.268788111707
0.899048	0.902222	0.251191360255
0.904762	0.882963	0.233966320753
0.894603	0.877037	0.227220041056
0.896508	0.911111	0.255932259063
0.906667	0.908148	0.239016070962
0.898413	0.897778	0.24075418214
0.906032	0.906667	0.240059375763
0.907302	0.885926	0.235732890666
0.911111	0.891852	0.212195187807
0.905397	0.885926	0.219838316242
0.900317	0.912593	0.236167902748
0.908571	0.89037	0.244932070374
0.912381	0.905185	0.214916842679
0.907302	0.90963	0.221711012224
0.911111	0.90963	0.220798542102
0.909206	0.912593	0.204454896351
0.892063	0.899259	0.21455094715
0.899048	0.902222	0.251186077793
0.887619	0.86963	0.287490872045
0.893968	0.893333	0.261043131351
0.900952	0.897778	0.269728635748
0.897778	0.917037	0.276128269732
0.899683	0.885926	0.243625126779
0.898413	0.908148	0.26564279447
0.908571	0.877037	0.237295811375
0.906032	0.878519	0.238989455005
0.906032	0.902222	0.24730240802
0.902857	0.915556	0.243751488626
0.904127	0.893333	0.220544151962
0.91873	0.887407	0.243451866011
0.908571	0.918519	0.241008815666
0.909206	0.905185	0.229914605618
0.908571	0.90963	0.232051382462
0.915556	0.902222	0.227469665309
0.905397	0.902222	0.239284177621
0.898413	0.911111	0.242477856576
0.906667	0.891852	0.23939699928
0.904762	0.897778	0.242498844862
0.907302	0.917037	0.22049955527
0.912381	0.912593	0.223899868627
0.909206	0.917037	0.231515822311
0.916825	0.906667	0.216353751719
0.911746	0.918519	0.209134961168
0.92254	0.897778	0.195598984758
0.914921	0.915556	0.21049413085
0.920635	0.89037	0.198932699859
0.914286	0.922963	0.212862471739
0.920635	0.921481	0.208425737917
0.918095	0.914074	0.211051004628
0.920635	0.912593	0.206586192052
0.906667	0.917037	0.212251628439
0.92381	0.914074	0.211058281362
0.914286	0.921481	0.22066513449
0.924444	0.914074	0.203948927422
0.913016	0.936296	0.213133960962
0.92127	0.93037	0.196847883364
0.913016	0.899259	0.187069910268
0.924444	0.912593	0.201017782092
0.926349	0.902222	0.19303744783
0.920635	0.92	0.196171301107
0.926349	0.927407	0.186333010594
0.934603	0.922963	0.194757980605
0.926349	0.936296	0.19847826163
0.937143	0.908148	0.179395144184
0.926984	0.936296	0.192786507308
0.933968	0.924444	0.187507177393
0.928254	0.92	0.17425968498
0.926349	0.925926	0.181061960757
0.913651	0.925926	0.177008297294
0.913016	0.897778	0.197700155278
0.926984	0.914074	0.20586318026
0.930794	0.928889	0.220439781745
0.904127	0.908148	0.232333213091
0.907937	0.894815	0.227071295182
0.909841	0.925926	0.224605937799
0.932064	0.917037	0.203421207766
0.920635	0.921481	0.202024189134
0.926984	0.931852	0.185236098866
0.930794	0.939259	0.183384850621
0.932064	0.937778	0.187933454911
0.91873	0.927407	0.196050482492
0.932064	0.940741	0.187913705905
0.933333	0.931852	0.167617776742
0.92381	0.954074	0.181080934902
0.925714	0.948148	0.161438410481
0.929524	0.918519	0.175837489466
0.927619	0.927407	0.154275885473
0.915556	0.92	0.169537328184
0.935873	0.922963	0.190759924551
0.933968	0.931852	0.170904551943
0.941587	0.942222	0.175331863264
0.939683	0.928889	0.165748208761
0.946667	0.922963	0.169241042187
0.942857	0.921481	0.158528659493
0.934603	0.927407	0.145439884315
0.949206	0.934815	0.157600107292
0.937143	0.939259	0.164161590238
0.944127	0.933333	0.147851650914
0.934603	0.939259	0.160405593614
0.923175	0.940741	0.172594877581
0.931429	0.924444	0.17485391597
0.933333	0.937778	0.172152870645
0.930159	0.939259	0.162466317415
0.946667	0.934815	0.157122417043
0.945397	0.940741	0.148761467387
0.939048	0.94963	0.153504531831
0.945397	0.943704	0.146626580507
0.941587	0.936296	0.149730578065
0.939683	0.94963	0.158837417761
0.943492	0.933333	0.159535186986
0.940952	0.939259	0.143416480472
0.946667	0.933333	0.136436584095
0.945397	0.922963	0.139199901372
0.934603	0.931852	0.175347492099
0.940317	0.922963	0.153030044089
0.938413	0.927407	0.154133655131
0.936508	0.931852	0.138601155331
0.940317	0.946667	0.156374678016
0.929524	0.928889	0.14617585515
0.937143	0.928889	0.137267701328
0.916191	0.933333	0.152759779245
0.946667	0.936296	0.163798771799
0.937143	0.927407	0.149482943118
0.92127	0.927407	0.176954989632
0.926984	0.93037	0.176580985387
0.938413	0.940741	0.172935647269
0.926984	0.943704	0.169233970344
0.944127	0.951111	0.152727824946
0.945397	0.946667	0.144599559406
0.947937	0.936296	0.122991302361
0.953651	0.934815	0.131246720751
0.947937	0.94963	0.136985741556
0.952381	0.94963	0.139005248745
0.951111	0.946667	0.121478546411
0.947302	0.951111	0.132770738254
0.947302	0.955556	0.120993352185
0.953016	0.940741	0.111498729636
0.947937	0.948148	0.121672085176
0.958095	0.936296	0.125715227177
0.949206	0.936296	0.123079571873
0.943492	0.962963	0.139648921788
0.937143	0.945185	0.127851483723
0.942222	0.931852	0.130256577084
0.934603	0.93037	0.140788304309
0.929524	0.928889	0.136419380705
0.950476	0.934815	0.153083043794
0.943492	0.936296	0.142586487035
0.939048	0.945185	0.145228722443
0.946667	0.945185	0.137676291168
0.950476	0.946667	0.137572182963
0.946032	0.933333	0.115471926828
0.954921	0.945185	0.129689166943
0.95746	0.958519	0.12396757553
0.958095	0.962963	0.115285067509
0.96	0.955556	0.105108545472
0.95746	0.948148	0.0958091715972
0.96	0.955556	0.0929161847259
0.928254	0.940741	0.122854338338
0.954921	0.934815	0.127730316172
0.947302	0.945185	0.122296613331
0.949206	0.946667	0.126730927577
0.960635	0.955556	0.111472709725
0.95873	0.954074	0.114675913006
0.96381	0.958519	0.105971263101
0.96	0.943704	0.0996731606623
0.963175	0.946667	0.110740544895
0.96	0.951111	0.11134618024
0.958095	0.955556	0.107117020835
0.956825	0.952593	0.123543469856
0.96127	0.951111	0.124027473231
0.960635	0.955556	0.0898885801435
0.961905	0.951111	0.0928670403858
0.960635	0.957037	0.0960719399154
0.946032	0.931852	0.100654578457
0.964444	0.955556	0.111739447961
0.958095	0.962963	0.104469216118
0.946032	0.927407	0.110462951163
0.954286	0.958519	0.116344218453
0.966349	0.945185	0.0991217431923
0.96	0.955556	0.104049676408
0.965714	0.954074	0.100795507431
0.96254	0.958519	0.0952869628867
0.96254	0.948148	0.0918578257163
0.965079	0.967407	0.0977864836653
0.966349	0.967407	0.0904354316493
0.96381	0.964444	0.0976078597208
0.966349	0.977778	0.100511424243
0.966349	0.967407	0.0865465129415
0.96254	0.967407	0.0916782592734
0.965714	0.957037	0.089304174607
0.959365	0.957037	0.0826178317269
0.960635	0.968889	0.0809397573272
0.966349	0.954074	0.0956158066789
0.968254	0.946667	0.0791850884755
0.96127	0.964444	0.0818985775113
0.968254	0.958519	0.0880884329478
0.972063	0.957037	0.082529425621
0.95746	0.957037	0.0874845770498
0.966984	0.979259	0.090662146608
0.968254	0.964444	0.0791195376466
0.967619	0.958519	0.0821110457182
0.966349	0.952593	0.0807253283759
0.968889	0.951111	0.0827968803545
0.951111	0.946667	0.108463536948
0.949841	0.936296	0.110209070146
0.944127	0.918519	0.117489367723
0.950476	0.961481	0.135640904307
0.958095	0.943704	0.123690007875
0.96381	0.936296	0.114443194121
0.964444	0.964444	0.106653150171
0.96127	0.974815	0.0974206166963
0.974603	0.954074	0.095058174183
0.972698	0.955556	0.0917688421905
0.961905	0.968889	0.0951318896065
0.944762	0.957037	0.0918446344634
0.95746	0.946667	0.0854268247883
0.96254	0.955556	0.0953754472236
0.970159	0.962963	0.0906849975387
0.966349	0.962963	0.0836481998364
0.965079	0.964444	0.0873518493026
0.965714	0.973333	0.0852928931514
0.965714	0.971852	0.0900300318996
0.965714	0.962963	0.0949026942253
0.972063	0.955556	0.0819301499675
0.971429	0.965926	0.0837906648715
0.971429	0.965926	0.0858061040441
0.96381	0.971852	0.0779171381146
0.965079	0.961481	0.0797256737327
0.971429	0.96	0.0781196970493
0.972698	0.957037	0.0720071078589
0.970794	0.973333	0.0744794278095
0.973333	0.962963	0.069078847145
0.965079	0.961481	0.0741629439096
0.966349	0.971852	0.100777446603
0.966984	0.968889	0.0929585471749
0.96381	0.957037	0.0745274191722
0.975238	0.974815	0.0829140177617
0.973968	0.97037	0.0707556189348
0.966984	0.976296	0.0808349990596
0.969524	0.968889	0.0752440442642
0.979048	0.974815	0.0724947458754
0.968254	0.957037	0.0763336134454
0.976508	0.955556	0.0735635813326
0.951746	0.962963	0.104247176399
0.951746	0.940741	0.119467863192
0.960635	0.967407	0.131266439954
0.934603	0.927407	0.128656124075
0.938413	0.940741	0.120275004456
0.96254	0.957037	0.105953421444
0.967619	0.962963	0.0927770150204
0.970159	0.961481	0.0768410197149
0.965079	0.974815	0.0869791582227
0.970794	0.976296	0.0801504825552
0.976508	0.965926	0.0725330536564
0.979048	0.96	0.0688760814567
0.975238	0.979259	0.07616756546
0.976508	0.971852	0.0638059197615
0.979683	0.97037	0.0672900782277
0.973968	0.980741	0.0689574629068
0.982222	0.968889	0.0547201689333
0.984127	0.973333	0.0554119565835
0.975238	0.982222	0.0694932173938
0.973968	0.976296	0.0581511271497
0.976508	0.977778	0.0582609754056
0.969524	0.964444	0.0583349385609
0.977143	0.979259	0.0630145867666
0.980317	0.979259	0.0682034740845
0.979048	0.974815	0.0541475843638
0.973333	0.983704	0.07546670114
0.970159	0.974815	0.0664208258192
0.972063	0.974815	0.0675623236845
0.977143	0.977778	0.0622132079055
0.978413	0.964444	0.0549626039962
0.966984	0.964444	0.0650618306051
0.964444	0.948148	0.056496120058
0.972698	0.954074	0.0674427971244
0.977143	0.958519	0.0646019478639
0.976508	0.962963	0.0565179778884
0.972698	0.974815	0.0641180792203
0.978413	0.973333	0.0750498753041
0.975873	0.973333	0.0604834705591
0.975238	0.977778	0.067071157818
0.976508	0.974815	0.0600731012722
0.975238	0.971852	0.0595855868111
0.975238	0.977778	0.059467178459
0.975238	0.968889	0.058709151422
0.975873	0.967407	0.0791415050626
0.972063	0.977778	0.0658417356511
0.972698	0.977778	0.0732893434664
0.970159	0.977778	0.0676735838254
0.979048	0.965926	0.0632908791304
0.978413	0.979259	0.0593394841999
0.982222	0.973333	0.0495145743092
0.975238	0.983704	0.0598535990963
0.984762	0.97037	0.0484928715353
0.976508	0.977778	0.0527049147834
0.980952	0.988148	0.057584748293
0.983492	0.976296	0.0544240083545
0.980952	0.983704	0.0487207425758
0.980317	0.982222	0.0501497037088
0.984127	0.977778	0.0419951447596
0.982857	0.983704	0.046738067021
0.981587	0.986667	0.0489263832569
0.981587	0.976296	0.0495124987016
0.975238	0.967407	0.0483430059006
0.974603	0.962963	0.0493748343239
0.965079	0.957037	0.0875548844536
0.947937	0.954074	0.11869253777
0.929524	0.931852	0.123115088791
0.935873	0.943704	0.104124382138
0.947937	0.961481	0.116260002057
0.967619	0.968889	0.09403000772
0.966984	0.97037	0.0833211007218
0.974603	0.979259	0.0770644384126
0.975238	0.983704	0.0701307058334
0.980317	0.971852	0.0580340847373
0.982857	0.976296	0.0573876400789
0.980952	0.979259	0.0538007641832
0.978413	0.979259	0.0526655657838
0.982222	0.982222	0.0547089533259
0.986032	0.980741	0.0530467648059
0.981587	0.974815	0.0419401315351
0.983492	0.982222	0.0475298104187
0.979683	0.982222	0.0513701345772
0.982222	0.976296	0.0500682617227
0.979683	0.983704	0.0423946667773
0.981587	0.983704	0.0504981068273
0.979683	0.974815	0.0519896609088
0.980952	0.986667	0.0482179305206
0.979048	0.971852	0.0617159536729
0.977143	0.982222	0.0434601758607
0.982222	0.983704	0.0530486255884
0.980317	0.968889	0.0559636329611
0.978413	0.974815	0.0480876369402
0.975873	0.971852	0.0496317939833
0.980317	0.979259	0.0585451132307
0.979048	0.965926	0.0533623099327
0.980952	0.976296	0.067023186634
0.984762	0.976296	0.0441592196003
0.984127	0.98963	0.0460240521158
0.986032	0.988148	0.0406079453727
0.980952	0.979259	0.0447967952738
0.977143	0.979259	0.0518219365428
0.980952	0.980741	0.0430018293361
0.982222	0.982222	0.0462060570717
0.984762	0.976296	0.0434644383689
0.984762	0.980741	0.0403352566063
0.984127	0.988148	0.0417560252051
0.984127	0.983704	0.0401681701963
0.986032	0.974815	0.0381829285373
0.987302	0.979259	0.0367301547279
0.982222	0.986667	0.0427739629522
0.984127	0.982222	0.0397821593409
0.979048	0.983704	0.0457512848079
0.982857	0.991111	0.0576049114267
0.975873	0.968889	0.0446832583596
0.981587	0.980741	0.0523663461208
0.967619	0.967407	0.101083595927
0.971429	0.968889	0.0785571063558
0.965714	0.958519	0.0810852361222
0.961905	0.964444	0.0939063206315
0.980317	0.97037	0.0680808511873
0.982222	0.97037	0.062390734752
0.983492	0.965926	0.0525221585607
0.979048	0.974815	0.0521491393447
0.980952	0.979259	0.0564604376753
0.980952	0.985185	0.0514386395613
0.984762	0.985185	0.0432910928503
0.983492	0.988148	0.0406276672147
0.986667	0.980741	0.0426687470948
0.987302	0.980741	0.0352720880571
0.989841	0.977778	0.0299043548293
0.988571	0.980741	0.0308576441991
0.984762	0.988148	0.0371454097331
0.986032	0.988148	0.040340470771
0.984127	0.988148	0.0371144584691
0.96127	0.94963	0.0417893365957
0.975238	0.977778	0.0773340751572
0.977778	0.97037	0.0639009115597
0.978413	0.97037	0.0540685684731
0.977143	0.985185	0.0576691081127
0.982222	0.992593	0.0582189578563
0.983492	0.983704	0.0428171514844
0.984762	0.983704	0.0419914138814
0.983492	0.988148	0.0455452253421
0.982222	0.988148	0.042960802714
0.987302	0.982222	0.0359262960653
0.981587	0.979259	0.0390038881451
0.983492	0.976296	0.0440795735146
0.982222	0.986667	0.0383158183346
0.987936	0.983704	0.0387271217381
0.988571	0.982222	0.0351254042859
0.986667	0.982222	0.0299332466287
0.985397	0.980741	0.0354995954161
0.975873	0.976296	0.0395609140396
0.979048	0.983704	0.0432003143554
0.984127	0.977778	0.0380681452031
0.986032	0.985185	0.0346585121006
0.981587	0.977778	0.0362871472413
0.989841	0.988148	0.0315755875781
0.986032	0.983704	0.0398277156055
0.980952	0.985185	0.0417130306984
0.980952	0.971852	0.0435332025712
0.954286	0.967407	0.042454600955
0.965079	0.977778	0.060905511491
0.980952	0.979259	0.0687228143215
0.977143	0.976296	0.0564678168545
0.984127	0.971852	0.0497292478879
0.977778	0.977778	0.0575235315288
0.984127	0.980741	0.0460686070534
0.988571	0.979259	0.0424735033885
0.986032	0.991111	0.0434326324612
0.980317	0.991111	0.0451561721663
0.986032	0.986667	0.0477690619106
0.983492	0.976296	0.034576973257
0.987302	0.986667	0.0359525478755
0.989841	0.977778	0.0324665370087
0.985397	0.994074	0.0429773308958
0.986667	0.988148	0.0403618725638
0.985397	0.988148	0.0367075580483
0.989206	0.977778	0.0287266249458
0.987302	0.992593	0.0439739778327
0.984762	0.977778	0.0331598203629
0.988571	0.98963	0.0405471073464
0.988571	0.980741	0.0343499034643
0.989206	0.991111	0.0375744135429
0.985397	0.98963	0.0334834853808
0.989206	0.983704	0.0291675077751
0.988571	0.994074	0.0290016013508
0.987936	0.992593	0.030644278042
0.990476	0.983704	0.0245270974313
0.992381	0.985185	0.0275095875065
0.989841	0.986667	0.0263788284113
0.992381	0.980741	0.0251285477231
0.990476	0.992593	0.027355215357
0.986032	0.985185	0.0340175476546
0.987936	0.991111	0.0386917395517
0.988571	0.991111	0.031268277516
0.987302	0.986667	0.033909276283
0.987302	0.986667	0.0296512270967
0.984762	0.988148	0.0376655931274
0.981587	0.982222	0.0299783757267
0.976508	0.986667	0.0390977210676
0.984762	0.988148	0.0389006944994
0.980952	0.980741	0.0392984220137
0.985397	0.983704	0.0361604886129
0.987302	0.985185	0.0385865888869
0.982857	0.983704	0.0516331108908
0.981587	0.977778	0.0660390605529
0.984762	0.979259	0.0403974807511
0.984127	0.967407	0.0408468088135
0.987302	0.977778	0.0468811529378
0.982222	0.982222	0.0473536287124
0.987936	0.983704	0.0391606952374
0.987936	0.976296	0.0390053919206
0.989841	0.979259	0.0370581075549
0.984127	0.97037	0.0596074806526
0.978413	0.979259	0.0711217097317
0.971429	0.980741	0.0560136634546
0.980952	0.983704	0.0549610188852
0.982857	0.968889	0.0463252958531
0.985397	0.986667	0.0460565413038
0.991111	0.982222	0.0365326969574
0.987936	0.985185	0.0367324411248
0.986032	0.991111	0.0370071788008
0.986667	0.994074	0.0311976885423
0.984762	0.992593	0.0312960464507
0.988571	0.992593	0.0326852661868
0.990476	0.992593	0.0300080127393
0.991111	0.988148	0.0306927954468
0.987936	0.992593	0.0258740639935
0.990476	0.985185	0.0361624282474
0.985397	0.98963	0.0291401706636
0.983492	0.971852	0.0312272395628
0.986667	0.985185	0.0334468918542
0.988571	0.983704	0.0276770076404
0.988571	0.977778	0.0351846963167
0.987302	0.985185	0.0293294483175
0.987302	0.986667	0.0284007368609
0.989206	0.982222	0.0235903218854
0.989841	0.991111	0.0332479989156
0.987302	0.991111	0.0317499749362
0.990476	0.983704	0.0335060306825
0.991746	0.985185	0.0291632019604
0.983492	0.98963	0.0302180461586
0.987936	0.980741	0.0259671981136
0.991746	0.98963	0.0210016615068
0.991746	0.991111	0.0229939734563
0.991111	0.997037	0.0239891526289
0.991746	0.991111	0.0215918337926
0.990476	0.988148	0.0218671028658
0.991746	0.994074	0.0232430224617
0.992381	0.98963	0.0230461844864
0.990476	0.994074	0.0217207960474
0.989206	0.988148	0.0285316500813
0.987936	0.991111	0.0282383395825
0.989841	0.992593	0.0259560397826
0.984127	0.976296	0.0242375138526
0.984762	0.985185	0.032683992448
0.992381	0.988148	0.0238936895815
0.984127	0.988148	0.0271979647999
0.989841	0.992593	0.0437273187563
0.993016	0.98963	0.0279518021271
0.989841	0.995556	0.0479141951849
0.988571	0.986667	0.0373362481284
0.981587	0.980741	0.0732555557042
0.975873	0.964444	0.0552949200695
0.968889	0.96	0.0667082493504
0.975238	0.971852	0.049290906017
0.984762	0.983704	0.0553224428246
0.972063	0.964444	0.0576218428711
0.970159	0.976296	0.0611756835133
0.975873	0.971852	0.0488633333395
0.984762	0.986667	0.0512356497347
0.984127	0.977778	0.0521571260567
0.986032	0.988148	0.0509274785096
0.990476	0.991111	0.030698474807
0.990476	0.986667	0.0299754443889
0.991746	0.98963	0.0302075843016
0.991746	0.98963	0.0228705809762
0.994286	0.986667	0.0236588087864
0.989841	0.994074	0.0280455512305
0.991746	0.994074	0.024710413379
0.992381	0.992593	0.0240314130982
0.991111	0.995556	0.0243021967666
0.994286	0.986667	0.0215460572702
0.990476	0.995556	0.0269004572183
0.994286	0.991111	0.0206365329213
0.992381	0.995556	0.0196208196382
0.992381	0.994074	0.022281549871
0.991746	0.98963	0.0191515969733
0.989206	0.986667	0.0245293675301
0.993016	0.982222	0.0210200771689
0.992381	0.991111	0.0218911978106
0.986667	0.983704	0.0329259036419
0.991746	0.988148	0.0267161248873
0.989206	0.988148	0.0336060114205
0.987302	0.976296	0.026508785629
0.989841	0.980741	0.0301885786466
0.989841	0.98963	0.0332983012001
0.980952	0.986667	0.0283833317614
0.986032	0.983704	0.0467818782975
0.984762	0.985185	0.0328674186021
0.984762	0.976296	0.0299912712847
0.984762	0.986667	0.0325694418668
0.988571	0.991111	0.0365144514168
0.991111	0.98963	0.0330025857935
0.989841	0.982222	0.0352236336718
0.989206	0.977778	0.0492412202681
0.988571	0.986667	0.0421549929306
0.991746	0.988148	0.0351587963911
0.989841	0.992593	0.0344284822543
0.991746	0.98963	0.0250909101839
0.993651	0.991111	0.0247188295859
0.993016	0.991111	0.0233558222341
0.993016	0.991111	0.0287038180977
0.991746	0.992593	0.025947437156
0.994921	0.985185	0.0227810380359
0.993016	0.98963	0.0201234108148
0.993016	0.994074	0.0247458714681
0.989206	0.991111	0.0275180578853
0.990476	0.991111	0.0289206902186
0.991111	0.994074	0.0304358866221
0.992381	0.994074	0.02547966782
0.991111	0.994074	0.0198419938097
0.992381	0.995556	0.0229354016483
0.993016	0.98963	0.0201320342409
0.991746	0.977778	0.0245778354195
0.989841	0.991111	0.022846193208
0.989841	0.991111	0.0278836634631
0.995556	0.988148	0.0177465064529
0.992381	0.994074	0.0196453137323
0.993016	0.994074	0.022326915913
0.99619	0.986667	0.0188758683701
0.993016	0.992593	0.0238484963775
0.994921	0.985185	0.017994622079
0.991746	0.98963	0.0204230421223
0.993651	0.986667	0.0185189306115
0.991111	0.994074	0.0217091585509
0.991111	0.992593	0.0245402383928
0.993651	0.994074	0.0202698595822
0.995556	0.98963	0.0163552555023
0.994286	0.986667	0.0148353920473
0.992381	0.994074	0.0204224559323
0.993016	0.994074	0.0173081912411
0.994286	0.991111	0.0205686826569
0.993016	0.991111	0.0179444982981
0.994286	0.992593	0.0193344096964
0.989206	0.98963	0.019812330332
0.993016	0.98963	0.0163534226206
0.993651	0.992593	0.018228032471
0.994286	0.980741	0.0326477568597
0.994921	0.988148	0.0239314916544
0.990476	0.994074	0.0285876582687
0.991746	0.98963	0.0301648162616
0.993016	0.988148	0.0233510701607
0.991746	0.995556	0.0230208194504
0.993651	0.994074	0.0198970933755
0.992381	0.992593	0.0195423195449
0.993651	0.991111	0.0164388644819
0.991746	0.991111	0.0174857672925
0.989206	0.995556	0.0246047770294
0.994286	0.988148	0.0204802617275
0.993016	0.98963	0.0220056950736
0.993016	0.992593	0.0217681671493
0.991746	0.991111	0.0209767799048
0.993016	0.986667	0.0177737820583
0.993016	0.98963	0.022414295158
0.993651	0.992593	0.0210699218636
0.99619	0.986667	0.0152625624711
0.991746	0.995556	0.0206364970654
0.994921	0.98963	0.0144432416807
0.993651	0.992593	0.017501283437
0.994286	0.991111	0.0181948755247
0.993016	0.991111	0.0199596160091
0.992381	0.98963	0.0162974665873
0.995556	0.988148	0.0184245681545
0.993016	0.991111	0.0192175628617
0.989841	0.991111	0.0219751882056
0.992381	0.992593	0.021300135258
0.993651	0.994074	0.0198094505661
0.990476	0.992593	0.0307111889124
0.988571	0.994074	0.0282853382329
0.993016	0.98963	0.02388415051
0.980317	0.980741	0.0472156219184
0.989206	0.991111	0.0406596614048
0.989206	0.974815	0.0463216016069
0.990476	0.980741	0.0432604995246
0.986667	0.988148	0.0427491767332
0.992381	0.98963	0.0226999195293
0.991111	0.994074	0.0330407541866
0.987302	0.985185	0.0423516562053
0.987302	0.991111	0.0398061002294
0.989206	0.985185	0.0672509719928
0.987936	0.980741	0.0532999057323
0.986667	0.976296	0.0404427899048
0.992381	0.994074	0.0299143223868
0.989206	0.992593	0.028320834972
0.992381	0.994074	0.0283583759641
0.993016	0.992593	0.0215929826566
0.991746	0.995556	0.019073947488
0.993016	0.995556	0.0205123436948
0.993016	0.994074	0.0181020770688
0.994286	0.992593	0.0164156064081
0.993651	0.994074	0.0214329256366
0.993016	0.995556	0.0173302997525
0.991746	0.997037	0.0240029973599
0.993651	0.992593	0.0156869026832
0.995556	0.98963	0.017240790495
0.994921	0.991111	0.0141667144295
0.993651	0.994074	0.0164105676425
0.995556	0.98963	0.0149967788408
0.994286	0.991111	0.0164551360843
0.994286	0.992593	0.0134690804407
0.994286	0.992593	0.0164922962431
0.992381	0.997037	0.0166564488706
0.993016	0.994074	0.0178728488584
0.993651	0.994074	0.0193107474285
0.994921	0.991111	0.0137796933608
0.991746	0.997037	0.0168114995273
0.996825	0.985185	0.0113875305591
0.993016	0.995556	0.0180633234171
0.992381	0.997037	0.0164548402342
0.993651	0.994074	0.0138053786941
0.993651	0.992593	0.0148269443695
0.993651	0.994074	0.0161696843182
0.994286	0.992593	0.0162323775391
0.993016	0.994074	0.0163729592847
0.994921	0.98963	0.0132138237047
0.993651	0.994074	0.0160790356652
0.994286	0.992593	0.0167878020244
0.993651	0.994074	0.013679374475
0.993651	0.994074	0.015867909727
0.994286	0.991111	0.018200506301
0.994286	0.98963	0.0182590470649
0.980317	0.979259	0.0326968735705
0.987302	0.977778	0.0440724392732
0.969524	0.974815	0.0728691983968
0.973968	0.976296	0.060600106294
0.974603	0.979259	0.0436078310789
0.986667	0.983704	0.0464574893316
0.988571	0.985185	0.0397558628271
0.986667	0.98963	0.0277882598651
0.993016	0.986667	0.0286353166836
0.991111	0.992593	0.0273810479169
0.991111	0.995556	0.0204206731481
0.988571	0.992593	0.0219661175894
0.993651	0.991111	0.0241299063588
0.993651	0.992593	0.0217833959808
0.991111	0.994074	0.0184658142971
0.991746	0.995556	0.0201176366148
0.993651	0.98963	0.0167192228449
0.992381	0.994074	0.0207662686395
0.993016	0.991111	0.0183204213778
0.993016	0.994074	0.0183849561339
0.993651	0.992593	0.0214103019486
0.994921	0.983704	0.0153299714439
0.993016	0.994074	0.0168572106243
0.995556	0.98963	0.0180419501849
0.994286	0.991111	0.0157166346908
0.994921	0.988148	0.013348201445
0.992381	0.997037	0.0200847562713
0.993651	0.992593	0.0169728648228
0.993651	0.994074	0.0159204829639
0.993651	0.994074	0.0152231203392
0.993651	0.992593	0.0161161019544
0.994921	0.991111	0.0171424266882
0.993651	0.992593	0.0168473334828
0.992381	0.997037	0.0183914570759
0.993651	0.994074	0.018519353432
0.994921	0.991111	0.0180369952383
0.992381	0.997037	0.0168081836309
0.994286	0.992593	0.0144678118328
0.993651	0.994074	0.0160098591199
0.995556	0.98963	0.0110013570326
0.99619	0.988148	0.0175605499341
0.993016	0.994074	0.01653658133
0.994286	0.991111	0.0171103496104
0.993651	0.994074	0.0162835056738
0.992381	0.997037	0.0208324436098
0.994286	0.992593	0.0167343804302
0.994921	0.98963	0.0145864154523
0.993651	0.994074	0.0201168378505
0.991111	0.994074	0.0213543317902
0.991746	0.992593	0.0196128482154
0.993016	0.994074	0.018603800796
0.992381	0.995556	0.0161960793193
0.993651	0.994074	0.0151473005147
0.993651	0.994074	0.018587240018
0.99619	0.986667	0.0144063222688
0.990476	0.991111	0.0164011241868
0.991111	0.994074	0.0230073463948
0.991111	0.991111	0.0280621089817
0.993651	0.986667	0.0231744423509
0.991111	0.995556	0.0230194330215
0.992381	0.991111	0.0176630094647
0.993016	0.992593	0.0207164076467
0.99619	0.986667	0.0182492005794
0.992381	0.997037	0.0178792632651
0.992381	0.995556	0.0183075464641
0.993651	0.994074	0.0173885206071
0.993651	0.994074	0.0235993902509
0.994286	0.98963	0.0139583187799
0.993651	0.994074	0.0178645375806
0.994921	0.991111	0.0194022437402
0.993016	0.992593	0.017012728611
0.991746	0.997037	0.0186445338962
0.993016	0.995556	0.0187848618565
0.992381	0.994074	0.0185750654588
0.994286	0.991111	0.0143066737801
0.993016	0.994074	0.0163171244785
0.993016	0.994074	0.0176517850099
0.993651	0.992593	0.0143912313506
0.993651	0.994074	0.0135992773576
0.993016	0.995556	0.0138930772276
0.995556	0.98963	0.0130319120362
0.991746	0.997037	0.0173936506423
0.993016	0.994074	0.0157641762247
0.991746	0.997037	0.0165858076264
0.99619	0.988148	0.0117274346606
0.994286	0.992593	0.0148021040174
0.994921	0.991111	0.0129013769329
0.994286	0.992593	0.0209449528096
0.992381	0.98963	0.0144701784011
0.990476	0.995556	0.0211698045023
0.993016	0.995556	0.0144611639747
0.993651	0.994074	0.0173482781587
0.993651	0.994074	0.0130672176601
0.992381	0.997037	0.0152243983466
0.993651	0.994074	0.0127019457286
0.993651	0.992593	0.0155098358324
0.993016	0.994074	0.0157534914712
0.993651	0.994074	0.0158908431573
0.994286	0.992593	0.0133730863842
0.994286	0.992593	0.0144896308581
0.994921	0.98963	0.0139987516062
0.993016	0.994074	0.0160638188633
0.994921	0.991111	0.0127002850641
0.989206	0.992593	0.0340201663785
0.989841	0.991111	0.0188653552129
0.987302	0.991111	0.030654584989
0.992381	0.986667	0.0222859088487
0.989841	0.986667	0.0212206073338
0.986667	0.98963	0.0192299075425
0.984762	0.982222	0.0275811046983
0.990476	0.982222	0.0289314954231
0.989841	0.983704	0.0382889844477
0.986032	0.980741	0.0306061847756
0.991746	0.992593	0.0349431519086
0.991746	0.985185	0.0230088889754
0.993651	0.988148	0.0205180033421
0.992381	0.991111	0.0206872044752
0.994921	0.991111	0.0192269515246
0.995556	0.98963	0.0158996445437
0.994921	0.991111	0.0187341238682
0.994286	0.992593	0.0158371361904
0.994286	0.992593	0.015659604532
0.993651	0.994074	0.0145362871699
0.993016	0.995556	0.0212606898664
0.993651	0.994074	0.0154326068393
0.994286	0.992593	0.0165882715955
0.993016	0.995556	0.0172423267116
0.993651	0.994074	0.015053429796
0.993651	0.994074	0.0143755303773
0.993651	0.994074	0.0145746138102
0.994286	0.992593	0.0187002544602
0.994921	0.991111	0.0116761747437
0.991746	0.998519	0.0172410945718
0.992381	0.997037	0.0160412489592
0.993651	0.994074	0.0144103479882
0.991111	1.0	0.0181369585916
0.993016	0.995556	0.0155796505666
0.994921	0.98963	0.0121581774826
0.993651	0.992593	0.0157039279584
0.995556	0.98963	0.0155157900105
0.993651	0.994074	0.0159910935909
0.993651	0.994074	0.0130762562621
0.993016	0.995556	0.0175738962134
0.993651	0.994074	0.0144474781894
0.993651	0.994074	0.0159721970558
0.993651	0.992593	0.0144636057472
0.994286	0.991111	0.0149395557431
0.993651	0.994074	0.0145223061554
0.994921	0.991111	0.0124453298437
0.994286	0.992593	0.0152396257035
0.992381	0.997037	0.0190198514611
0.992381	0.995556	0.0152632430351
0.989206	0.980741	0.0260363118723
0.961905	0.974815	0.0377563576524
0.975238	0.965926	0.055285219724
0.981587	0.974815	0.0444655544125
0.984127	0.979259	0.0420972130572
0.984127	0.985185	0.0438913917169
0.991111	0.991111	0.040868553333
0.987936	0.982222	0.0414555078993
0.990476	0.992593	0.0327570401132
0.992381	0.995556	0.0251490271961
0.994921	0.98963	0.0178647451103
0.993016	0.994074	0.0187400512708
0.994286	0.98963	0.0199788774674
0.994921	0.991111	0.0185198701608
0.996825	0.986667	0.0131282695414
0.995556	0.98963	0.0130489533379
0.992381	0.997037	0.0242821037148
0.995556	0.98963	0.0153964358227
0.993016	0.995556	0.0176574802026
0.992381	0.995556	0.0184523497398
0.991746	0.997037	0.0178598210526
0.994921	0.991111	0.0146598770904
0.994286	0.992593	0.0138116286447
0.994286	0.992593	0.0206566120808
0.994921	0.98963	0.0126544681843
0.993016	0.994074	0.0203667173628
0.992381	0.995556	0.0140906114054
0.992381	0.997037	0.0169935766219
0.994286	0.992593	0.0123415393755
0.993016	0.995556	0.0180469282592
0.994286	0.992593	0.0147782394973
0.993651	0.994074	0.0158331912632
0.994921	0.991111	0.0151446803939
0.992381	0.997037	0.0210044761188
0.993016	0.994074	0.0157312850157
0.993016	0.994074	0.0158058605157
0.993651	0.992593	0.0193780080105
0.993651	0.994074	0.0173991448246
0.992381	0.997037	0.0233672768809
0.992381	0.997037	0.0158592520747
0.994921	0.991111	0.0151400485386
0.993651	0.994074	0.0156786638933
0.995556	0.98963	0.0120487306461
0.994286	0.992593	0.0134097728878
0.994286	0.992593	0.0124256164612
0.991746	0.998519	0.0185530640495
0.994286	0.992593	0.0129421301341
0.994286	0.992593	0.0131917223334
0.993651	0.994074	0.0143723684596
0.994286	0.992593	0.0141488160783
0.993651	0.994074	0.0150057500384
0.991746	0.998519	0.0204327986576
0.994921	0.991111	0.0161358960128
0.992381	0.997037	0.0145163382404
0.99619	0.988148	0.00953739474062
0.992381	0.997037	0.0156177530686
0.994286	0.992593	0.0128607142251
0.994286	0.992593	0.0125462903719
0.994921	0.991111	0.013157780515
0.994286	0.992593	0.0147529489671
0.993016	0.995556	0.0146191775178
0.995556	0.98963	0.0114258414833
0.992381	0.997037	0.0175356472222
0.994286	0.992593	0.0122261221986
0.994286	0.992593	0.0155929483784
0.994286	0.98963	0.0133975043427
0.990476	0.992593	0.0207486987735
0.993016	0.988148	0.0188631022659
0.989206	0.982222	0.0182576319203
0.991746	0.974815	0.0439709578641
0.976508	0.980741	0.0603303251167
0.980952	0.973333	0.04758334967
0.987936	0.985185	0.0420346523946
0.989841	0.988148	0.0527347071717
0.984762	0.988148	0.0309263348269
0.987302	0.986667	0.039930700014
0.990476	0.986667	0.0404469892383
0.991111	0.994074	0.0236028620663
0.992381	0.997037	0.0207640039735
0.994286	0.992593	0.0189807984668
0.992381	0.997037	0.0178441405296
0.994921	0.991111	0.0146253158649
0.993651	0.985185	0.0153260836378
0.987302	0.992593	0.0216455853855
0.995556	0.98963	0.0160573042619
0.993651	0.992593	0.0144858047133
0.993016	0.992593	0.0151752178402
0.994921	0.988148	0.0189169823037
0.993651	0.994074	0.0166940498166
0.995556	0.98963	0.0123430031041
0.995556	0.98963	0.0148303269719
0.994921	0.991111	0.0150125487708
0.993651	0.994074	0.0181480898367
0.993651	0.992593	0.0172631063033
0.994921	0.98963	0.0118314538461
0.994286	0.991111	0.0156473862007
0.995556	0.988148	0.0143544911407
0.994921	0.98963	0.0123196206211
0.992381	0.995556	0.0152608944724
0.991746	0.998519	0.0190602593745
0.996825	0.986667	0.0133233957458
0.994286	0.991111	0.0123797667135
0.993016	0.994074	0.018102852162
0.993016	0.994074	0.0132880534123
0.993016	0.995556	0.0161462964024
0.993016	0.995556	0.0194525665914
0.994921	0.991111	0.0139066440364
0.994921	0.991111	0.0135345978973
0.993651	0.994074	0.0136141013354
0.993016	0.995556	0.0165177479697
0.993651	0.994074	0.0131893378372
0.993016	0.995556	0.0153366662562
0.993651	0.994074	0.0128326418344
0.994921	0.991111	0.0126654424627
0.99619	0.988148	0.0125461091908
0.992381	0.997037	0.016667451011
0.991746	0.998519	0.0167382160823
0.992381	0.997037	0.017770878505
0.994286	0.992593	0.014563449348
0.993651	0.994074	0.0141697613678
0.994921	0.991111	0.0131416961861
0.994286	0.991111	0.0141442150343
0.993651	0.992593	0.015602373518
0.992381	0.997037	0.0151300000337
0.993651	0.994074	0.0157824200578
0.993651	0.994074	0.0143974163414
0.993651	0.994074	0.018503244811
0.992381	0.997037	0.0146652893163
0.994286	0.992593	0.0129838942861
0.993651	0.994074	0.0149210022452
0.992381	0.997037	0.0169385970415
0.991746	0.998519	0.0160083031515
0.993651	0.994074	0.0130030925696
0.993651	0.994074	0.0140168860089
0.994286	0.992593	0.0135159805262
0.993651	0.994074	0.0134487770653
0.994286	0.992593	0.0122244967303
0.994286	0.992593	0.0128966322324
0.993651	0.994074	0.0171549931789
0.991746	0.998519	0.0153524304624
0.993016	0.995556	0.0170605664607
0.992381	0.997037	0.0158615745604
0.993651	0.994074	0.0158039884021
0.993016	0.995556	0.0158159728162
0.993651	0.994074	0.0168525831929
0.991746	0.997037	0.0183674326011
0.993651	0.991111	0.0207742312923
0.994921	0.991111	0.0169634109673
0.994921	0.991111	0.017094136468
0.992381	0.992593	0.016957402695
0.994286	0.991111	0.0123967050846
0.993651	0.992593	0.0154489210496
0.991746	0.985185	0.0177164116564
0.993016	0.98963	0.0189628067116
0.994921	0.986667	0.0152293367622
0.986667	0.995556	0.0339606413618
0.991746	0.986667	0.0211586862182
0.993016	0.995556	0.0182834394897
0.987302	0.977778	0.026538229237
0.978413	0.982222	0.0325008922567
0.984127	0.980741	0.0436996923139
0.986667	0.979259	0.0457372300637
0.973968	0.964444	0.0764294310162
0.986032	0.991111	0.0543847369651
0.986667	0.985185	0.0436829797303
0.991111	0.986667	0.0342200637485
0.992381	0.991111	0.0259135609182
0.993651	0.992593	0.0246854637129
0.99619	0.986667	0.017372085092
0.993016	0.994074	0.0206422355647
0.993651	0.98963	0.0184313608333
0.988571	0.986667	0.0436522976185
0.982222	0.986667	0.030835329555
0.992381	0.988148	0.0305208054682
0.989206	0.995556	0.0271841473877
0.994286	0.986667	0.0191177040494
0.990476	0.994074	0.0199513270442
0.986032	0.976296	0.0216524936647
0.982222	0.988148	0.0692537858461
0.982857	0.983704	0.032416325373
0.993651	0.988148	0.03009571104
0.984127	0.988148	0.0272879454618
0.991111	0.982222	0.0303570056955
0.993651	0.98963	0.0252695885332
0.993016	0.994074	0.0215724895631
0.993016	0.994074	0.0195867634999
0.993651	0.988148	0.0167761253348
0.993016	0.995556	0.0181404662629
0.994921	0.991111	0.0214770192591
0.992381	0.997037	0.0170167506052
0.993016	0.995556	0.0163397006691
0.994921	0.991111	0.0134038803323
0.993651	0.994074	0.0150629552081
0.991746	0.998519	0.0151974124601
0.993651	0.994074	0.0155737338743
0.993016	0.995556	0.0170674154845
0.993016	0.995556	0.017399862331
0.993651	0.994074	0.0168507536873
0.992381	0.997037	0.0195694228945
0.993016	0.995556	0.0188762412096
0.992381	0.995556	0.0136577829253
0.991746	0.998519	0.0213517462835
0.993016	0.994074	0.0133156339483
0.991746	0.997037	0.0143417540627
0.994921	0.991111	0.0130988260886
0.993651	0.994074	0.0161092961207
0.993016	0.995556	0.0133940965946
0.993016	0.995556	0.0146676893346
0.993651	0.994074	0.014028797159
0.994921	0.991111	0.0118110371792
0.993651	0.994074	0.0129946263235
0.993651	0.994074	0.0149555847165
0.993016	0.995556	0.0143059642093
0.993016	0.995556	0.0167177664892
0.993651	0.994074	0.0136419734141
0.994286	0.992593	0.0161373677353
0.994286	0.992593	0.014084877912
0.994286	0.992593	0.0149350851619
0.994286	0.992593	0.0149985801739
0.994286	0.991111	0.0130936657079
0.993651	0.992593	0.0136955040507
0.991746	0.997037	0.0156964206059
0.993651	0.994074	0.0140450171117
0.993651	0.994074	0.0143287132184
0.993016	0.995556	0.0158332500141
0.992381	0.997037	0.0142736758571
0.993016	0.995556	0.0134380445622
0.993651	0.994074	0.016912748261
0.993651	0.994074	0.0135215533276
0.994286	0.992593	0.0128635928656
0.994921	0.991111	0.014851573001
0.995556	0.98963	0.0107297313128
0.993016	0.995556	0.0125470830438
0.992381	0.997037	0.0147417319628
0.993651	0.994074	0.0151004416402
0.994286	0.992593	0.0134402481684
0.993016	0.995556	0.0169357337678
0.993651	0.994074	0.0165364136919
0.993016	0.995556	0.0135470977208
0.995556	0.98963	0.0137125819456
0.993016	0.995556	0.0192039284545
0.995556	0.98963	0.0106338368108
0.993651	0.994074	0.0146945296632
0.993651	0.994074	0.0116260229455
0.994921	0.991111	0.0133330180931
0.993016	0.995556	0.0200712056442
0.992381	0.997037	0.0154903818232
0.994921	0.991111	0.0151959178038
0.994286	0.992593	0.0136594336946
0.993016	0.994074	0.0163117731766
0.993651	0.992593	0.0133145731719
0.992381	0.997037	0.0159303654024
0.994286	0.992593	0.0131281226641
0.994286	0.992593	0.013218593318
0.993651	0.994074	0.0132245866504
0.992381	0.997037	0.0169209882927
0.993016	0.995556	0.0138024954746
