0.793016	0.758519	0.650949130456
0.819048	0.825185	0.489495004217
0.836825	0.828148	0.40059522291
0.840635	0.841482	0.403011908134
0.857778	0.860741	0.374556362629
0.851429	0.834074	0.367649614811
0.850159	0.860741	0.359790657957
0.855238	0.84	0.355124220252
0.844444	0.868148	0.376064861814
0.866667	0.841482	0.335328777631
0.865397	0.848889	0.343260889252
0.864127	0.853333	0.354734033346
0.854603	0.872593	0.346064920227
0.860317	0.844444	0.348928605517
0.855873	0.857778	0.331607595086
0.855238	0.877037	0.346086397767
0.864762	0.838519	0.328558857242
0.870476	0.842963	0.329465687275
0.863492	0.88	0.344298243523
0.864762	0.860741	0.316756000121
0.855873	0.88	0.358421330651
0.855873	0.872593	0.333776866396
0.865397	0.848889	0.34162419041
0.860317	0.878519	0.337664276361
0.873016	0.868148	0.316253311932
0.841905	0.866667	0.322296244403
0.852063	0.854815	0.349759012461
0.862857	0.860741	0.351349259416
0.87746	0.872593	0.317781001329
0.868571	0.885926	0.31843405962
0.871111	0.874074	0.323117469748
0.859683	0.891852	0.321839441856
0.847619	0.845926	0.320199320714
0.869206	0.838519	0.31126135091
0.859048	0.841482	0.317130262653
0.871111	0.865185	0.320476179322
0.868571	0.878519	0.316973591844
0.870476	0.875556	0.324079439044
0.865397	0.86963	0.341879258553
0.869206	0.875556	0.339070270459
0.881905	0.857778	0.303114180764
0.870476	0.875556	0.312946533163
0.879365	0.865185	0.294488425056
0.869841	0.884444	0.320813760161
0.87873	0.877037	0.314653058847
0.869206	0.884444	0.314832602938
0.867936	0.86963	0.306646029154
0.880635	0.857778	0.308343122403
0.87619	0.884444	0.321747213602
0.872381	0.877037	0.307356963555
0.893968	0.85037	0.29594869415
0.871111	0.88	0.295975377162
0.88254	0.863704	0.304864063859
0.880635	0.881481	0.290062430004
0.87873	0.893333	0.298629611731
0.883175	0.874074	0.291589910785
0.88381	0.885926	0.305312161644
0.87619	0.875556	0.308988794684
0.876825	0.88	0.298389558991
0.886984	0.868148	0.296818263829
0.88254	0.887407	0.298912070692
0.873016	0.872593	0.286930168668
0.88127	0.884444	0.284770086408
0.88127	0.894815	0.293386744956
0.883175	0.887407	0.295344218612
0.888889	0.882963	0.271434312065
0.88381	0.857778	0.29038652281
0.88127	0.891852	0.310911945999
0.872381	0.863704	0.295143341025
0.88	0.882963	0.280027897408
0.885079	0.863704	0.283587709069
0.892063	0.859259	0.291132112344
0.87873	0.900741	0.304389071961
0.879365	0.854815	0.282395511866
0.881905	0.877037	0.296472673615
0.872381	0.860741	0.284209916989
0.888889	0.881481	0.287460625172
0.889524	0.887407	0.290684026976
0.87873	0.866667	0.270482989649
0.892063	0.88	0.285339211424
0.870476	0.878519	0.290263384581
0.854603	0.874074	0.309321572383
0.889524	0.875556	0.286198697984
0.87746	0.874074	0.290607949098
0.885079	0.888889	0.288161406914
0.891429	0.88	0.269705971082
0.880635	0.871111	0.265706735353
0.880635	0.891852	0.285097132126
0.888889	0.878519	0.288257499536
0.886349	0.891852	0.266750452419
0.888889	0.888889	0.263634217282
0.893333	0.868148	0.266716880103
0.885079	0.906667	0.295481701692
0.888889	0.878519	0.265481921534
0.893333	0.863704	0.250950992107
0.899683	0.884444	0.278924711049
0.899683	0.885926	0.261362361411
0.890794	0.891852	0.27048201859
0.897143	0.882963	0.261574278275
0.880635	0.887407	0.27003553013
0.886984	0.884444	0.278279220064
0.899048	0.896296	0.273081940909
0.897778	0.896296	0.262530763944
0.864762	0.871111	0.282357265552
0.895238	0.885926	0.29181693246
0.885714	0.902222	0.279757117232
0.885714	0.894815	0.264520409207
0.899048	0.888889	0.255853233238
0.901587	0.878519	0.244916511079
0.88381	0.897778	0.259438308577
0.885079	0.868148	0.253494247794
0.899048	0.875556	0.252118515472
0.893968	0.906667	0.26176785926
0.900952	0.88	0.257839714487
0.897143	0.885926	0.252134044965
0.897778	0.893333	0.271948715051
0.897143	0.884444	0.23912623773
0.892698	0.90963	0.271009114881
0.892698	0.903704	0.251495766143
0.900952	0.874074	0.243717417121
0.897778	0.884444	0.254411091407
0.897778	0.89037	0.242582301299
0.893333	0.887407	0.26075878491
0.881905	0.902222	0.263593922059
0.870476	0.88	0.256548707684
0.890794	0.877037	0.263156329592
0.888254	0.908148	0.259521397452
0.902857	0.894815	0.257602244616
0.894603	0.903704	0.258412241936
0.894603	0.900741	0.271525142093
0.888254	0.905185	0.253983542323
0.892063	0.899259	0.258613886933
0.901587	0.89037	0.250751495361
0.899683	0.89037	0.239118804534
0.890159	0.911111	0.264385757347
0.894603	0.896296	0.259973980486
0.901587	0.89037	0.246151718001
0.891429	0.90963	0.25377928714
0.898413	0.899259	0.253962603708
0.898413	0.897778	0.241198760768
0.905397	0.885926	0.243137031794
0.899048	0.89037	0.239021981756
0.906032	0.896296	0.236825245122
0.906032	0.888889	0.226439448694
0.902222	0.902222	0.232638085882
0.903492	0.903704	0.225625507534
0.897143	0.893333	0.224193563064
0.902857	0.900741	0.238939031959
0.898413	0.905185	0.24260105441
0.900317	0.900741	0.218832602104
0.902222	0.906667	0.247816093266
0.907937	0.881481	0.226760536432
0.901587	0.888889	0.228803503017
0.885079	0.902222	0.251405787965
0.886349	0.905185	0.236706045767
0.906032	0.911111	0.239584309359
0.900317	0.918519	0.241379909217
0.902222	0.903704	0.238162020842
0.906667	0.888889	0.227925039828
0.900317	0.92	0.227187397579
0.904762	0.902222	0.232059391836
0.911111	0.903704	0.223169177771
0.897143	0.902222	0.220236289004
0.902857	0.896296	0.228867083788
0.916191	0.894815	0.22306179752
0.903492	0.90963	0.232421730955
0.902857	0.897778	0.223983774583
0.911746	0.902222	0.228012527029
0.895873	0.918519	0.232396471004
0.909841	0.915556	0.234420783818
0.902857	0.911111	0.232829585671
0.913016	0.893333	0.223762375613
0.909841	0.893333	0.212403369447
0.913651	0.893333	0.193085952351
0.904127	0.918519	0.212089419365
0.915556	0.897778	0.206330093245
0.91746	0.900741	0.214683813353
0.909206	0.928889	0.207941251496
0.909206	0.893333	0.194396048784
0.906032	0.918519	0.255397113661
0.903492	0.894815	0.216937060157
0.909206	0.915556	0.219206757843
0.915556	0.897778	0.196198955178
0.913016	0.915556	0.211949278911
0.910476	0.911111	0.197574256609
0.914286	0.906667	0.207559337219
0.921905	0.897778	0.195230434338
0.907302	0.918519	0.194240406156
0.900952	0.897778	0.208316763242
0.92	0.887407	0.192501234512
0.904762	0.881481	0.220866652826
0.906032	0.917037	0.250087201595
0.906667	0.906667	0.232906701664
0.92127	0.882963	0.198339598874
0.906667	0.911111	0.215968251228
0.912381	0.921481	0.213708582024
0.905397	0.915556	0.202757292738
0.912381	0.924444	0.19904735436
0.916825	0.912593	0.204583838582
0.907302	0.897778	0.204739809036
0.910476	0.921481	0.215920646985
0.908571	0.921481	0.207303208609
0.921905	0.90963	0.222162971894
0.916191	0.914074	0.192181083063
0.919365	0.921481	0.202279942731
0.92	0.900741	0.207390879591
0.921905	0.908148	0.193327675263
0.911111	0.908148	0.205719734232
0.918095	0.914074	0.197769068182
0.923175	0.90963	0.181047737598
0.911746	0.934815	0.194775608679
0.91746	0.90963	0.175234551231
0.916191	0.925926	0.204161383212
0.91873	0.908148	0.193763981263
0.932698	0.90963	0.174717143178
0.901587	0.897778	0.200459341208
0.906032	0.894815	0.224432622393
0.911746	0.902222	0.229274734855
0.919365	0.90963	0.195005478958
0.92	0.922963	0.197575807571
0.927619	0.917037	0.188200327257
0.926349	0.921481	0.173447233935
0.92254	0.940741	0.199454985559
0.928889	0.925926	0.185014064113
0.930794	0.921481	0.182331499954
0.926984	0.90963	0.185362093151
0.907937	0.897778	0.183777324855
0.914286	0.888889	0.169283766299
0.926349	0.90963	0.183940572043
0.925079	0.931852	0.181208662689
0.928889	0.934815	0.178619399667
0.926349	0.946667	0.182007091741
0.92254	0.928889	0.183644155661
0.924444	0.924444	0.180411505202
0.930159	0.903704	0.16605164359
0.933968	0.925926	0.167185023427
0.928254	0.939259	0.169439827402
0.925079	0.928889	0.168586820364
0.932064	0.937778	0.17866513133
0.935238	0.921481	0.161952776213
0.932064	0.937778	0.167758231362
0.925079	0.934815	0.19026320676
0.930159	0.912593	0.165996526678
0.932064	0.925926	0.197098433971
0.906667	0.911111	0.206487551332
0.92	0.915556	0.204662052294
0.915556	0.922963	0.190051416556
0.928254	0.92	0.178722031415
0.933333	0.918519	0.170941156646
0.937143	0.940741	0.166322196523
0.933968	0.942222	0.169441064199
0.936508	0.937778	0.161120168865
0.932698	0.945185	0.154433018217
0.935238	0.933333	0.15745651722
0.943492	0.925926	0.144271027297
0.940317	0.943704	0.147188677142
0.947302	0.927407	0.14285458376
0.936508	0.924444	0.151898401479
0.939048	0.934815	0.150441283981
0.935873	0.936296	0.158049028367
0.902857	0.899259	0.181783405443
0.923175	0.943704	0.174824021757
0.936508	0.933333	0.162173730632
0.934603	0.94963	0.17359465609
0.92381	0.928889	0.164119961361
0.934603	0.934815	0.162513124446
0.938413	0.936296	0.15121450151
0.937778	0.951111	0.151136054347
0.941587	0.940741	0.150078376134
0.938413	0.933333	0.157063489159
0.947302	0.931852	0.13854363064
0.933968	0.954074	0.140389741709
0.940317	0.928889	0.121345615014
0.938413	0.934815	0.157507032156
0.930794	0.914074	0.133549778412
0.932064	0.927407	0.161191741625
0.920635	0.921481	0.174031961709
0.929524	0.948148	0.182684771717
0.937143	0.925926	0.164415160815
0.942222	0.93037	0.151990679403
0.944127	0.943704	0.152581306795
0.942222	0.931852	0.137066233903
0.940317	0.94963	0.147733700772
0.945397	0.933333	0.15030646945
0.946032	0.93037	0.127314159026
0.947937	0.940741	0.129090454429
0.949841	0.927407	0.147352850686
0.935238	0.945185	0.156066479782
0.938413	0.937778	0.154519811273
0.946032	0.951111	0.140027185281
0.946032	0.94963	0.134038813412
0.940317	0.940741	0.127800520509
0.948571	0.927407	0.133176062256
0.947302	0.939259	0.14430084452
0.932698	0.955556	0.1462521106
0.940952	0.951111	0.136749667426
0.934603	0.936296	0.140883648147
0.949841	0.939259	0.138890445232
0.958095	0.933333	0.128739946832
0.947302	0.94963	0.130716503908
0.939683	0.936296	0.136494255314
0.946667	0.954074	0.136065767457
0.948571	0.937778	0.134242693583
0.949206	0.951111	0.126574878891
0.946667	0.955556	0.134148524453
0.950476	0.937778	0.121765136719
0.954921	0.943704	0.111407728866
0.940952	0.945185	0.135210216045
0.944762	0.937778	0.139263335615
0.943492	0.943704	0.141659883161
0.938413	0.942222	0.142066539576
0.946032	0.96	0.140706164141
0.946032	0.94963	0.144075913976
0.947302	0.939259	0.135919665297
0.942222	0.945185	0.157356147965
0.949206	0.940741	0.123404114197
0.949206	0.954074	0.131512545049
0.953651	0.952593	0.120178454866
0.945397	0.958519	0.119744706899
0.947302	0.931852	0.122137822211
0.936508	0.94963	0.162155050784
0.934603	0.925926	0.15738333265
0.935873	0.94963	0.161436686913
0.937778	0.952593	0.139563325793
0.952381	0.942222	0.120093592753
0.951111	0.946667	0.119401313985
0.954921	0.945185	0.127275535216
0.945397	0.955556	0.127280730754
0.95873	0.93037	0.10904363667
0.953016	0.927407	0.106048032641
0.954921	0.946667	0.131324330966
0.953016	0.955556	0.118045600752
0.95873	0.955556	0.122835561633
0.960635	0.957037	0.104018896818
0.961905	0.957037	0.112211791178
0.956825	0.957037	0.104440389822
0.96381	0.94963	0.102723054588
0.961905	0.964444	0.109967482587
0.96	0.94963	0.0977015631894
0.965079	0.943704	0.108916888634
0.956825	0.952593	0.109048647185
0.951746	0.954074	0.115378759801
0.955556	0.958519	0.100891434898
0.950476	0.96	0.113137560586
0.954921	0.958519	0.105861795445
0.965079	0.946667	0.104695241898
0.966349	0.94963	0.114640322824
0.96127	0.943704	0.0964251862218
0.95619	0.962963	0.116351973265
0.96254	0.955556	0.0934712315599
0.956825	0.973333	0.108729212234
0.96127	0.964444	0.0944653352102
0.932698	0.928889	0.101214218885
0.954921	0.957037	0.110132628431
0.937143	0.933333	0.12788186719
0.949841	0.94963	0.113701014469
0.931429	0.931852	0.14659524709
0.944127	0.927407	0.115682734797
0.941587	0.931852	0.136659209927
0.956825	0.948148	0.134374206265
0.960635	0.945185	0.11525475358
0.955556	0.931852	0.0981503687799
0.95619	0.934815	0.123163938522
0.96127	0.948148	0.103182259947
0.966984	0.954074	0.0961996223778
0.965714	0.964444	0.0994762678941
0.965079	0.962963	0.0994514189661
0.96381	0.971852	0.0962246370812
0.970794	0.955556	0.097328333805
0.967619	0.965926	0.0930638201535
0.966349	0.962963	0.080776212737
0.966984	0.961481	0.0870321529607
0.965714	0.962963	0.0978633202612
0.966984	0.97037	0.100219131758
0.965079	0.96	0.087352435415
0.973968	0.945185	0.0922994514306
0.966984	0.964444	0.0914581312488
0.95619	0.957037	0.0908434639374
0.961905	0.973333	0.106166285773
0.972698	0.948148	0.0878293830901
0.965714	0.97037	0.0897908136249
0.970159	0.964444	0.086204547435
0.972063	0.961481	0.0891854104896
0.969524	0.968889	0.0890273681531
0.961905	0.962963	0.103723938266
0.966349	0.964444	0.0901690659424
0.965714	0.97037	0.0997304537644
0.958095	0.968889	0.0972380774717
0.968889	0.967407	0.0882884524763
0.95873	0.961481	0.105757433921
0.968889	0.955556	0.0784840794901
0.968889	0.957037	0.0840242300183
0.968889	0.958519	0.0919719077647
0.958095	0.964444	0.0969858666261
0.970159	0.955556	0.0822411738336
0.971429	0.96	0.0755025564382
0.968254	0.965926	0.0821050163358
0.966984	0.977778	0.0817615414659
0.967619	0.967407	0.089177099367
0.972063	0.957037	0.0714407519748
0.972063	0.974815	0.0789642824481
0.975238	0.968889	0.0724454068889
0.964444	0.968889	0.0762222968042
0.974603	0.954074	0.0739848955224
0.953651	0.964444	0.100900046527
0.970159	0.967407	0.0930430032313
0.955556	0.940741	0.0995451894899
0.946667	0.957037	0.0987234997253
0.935873	0.948148	0.246073740224
0.933968	0.928889	0.161760725081
0.943492	0.94963	0.151991702616
0.958095	0.952593	0.122824606796
0.954286	0.952593	0.113589730114
0.960635	0.954074	0.120414690425
0.965079	0.946667	0.0962116196752
0.961905	0.965926	0.108008013417
0.966349	0.965926	0.100608130296
0.970159	0.957037	0.0850630948941
0.968889	0.971852	0.098938939472
0.973968	0.96	0.0829208778838
0.974603	0.964444	0.0768500690659
0.966349	0.979259	0.0942399129272
0.96381	0.968889	0.0901333130896
0.970794	0.968889	0.0765579678118
0.972063	0.965926	0.0809061825275
0.972063	0.962963	0.0818275312583
0.975238	0.974815	0.077737254401
0.973333	0.974815	0.0802075080574
0.976508	0.964444	0.0649284472068
0.96	0.965926	0.0875976160169
0.969524	0.971852	0.0836343852182
0.969524	0.967407	0.0824178469678
0.972063	0.973333	0.085876468569
0.973333	0.967407	0.0871883301685
0.970159	0.967407	0.0864376438161
0.975238	0.965926	0.0823071878403
0.970794	0.974815	0.081537446628
0.975873	0.980741	0.0698239269356
0.971429	0.971852	0.0737988967448
0.969524	0.973333	0.0795523623625
0.977778	0.965926	0.0723886210471
0.965079	0.965926	0.0788538822283
0.974603	0.968889	0.0731092399607
0.972063	0.97037	0.0711376437296
0.965079	0.964444	0.0835956856608
0.95873	0.954074	0.0927207755546
0.933333	0.927407	0.0961203562717
0.947937	0.952593	0.110837987314
0.96	0.964444	0.116114034007
0.973333	0.964444	0.0937017388642
0.972063	0.96	0.0912425356607
0.976508	0.955556	0.0781565085053
0.974603	0.974815	0.0691629685462
0.972063	0.967407	0.0726595334709
0.973968	0.974815	0.0660499756535
0.974603	0.980741	0.0685631434123
0.971429	0.973333	0.078105221192
0.976508	0.961481	0.0770474560559
0.972698	0.979259	0.0804735384881
0.965714	0.954074	0.128244206309
0.95619	0.961481	0.128271151334
0.955556	0.939259	0.106166940182
0.95873	0.954074	0.112487812837
0.960635	0.955556	0.106704273572
0.970794	0.94963	0.0882015613218
0.965714	0.976296	0.0890820113321
0.972063	0.971852	0.0966283430656
0.972063	0.973333	0.0842244500915
0.977143	0.964444	0.0808247284343
0.977778	0.968889	0.0751991011202
0.973968	0.973333	0.0717016247412
0.975238	0.967407	0.0675014698257
0.979683	0.973333	0.0653767654051
0.975238	0.983704	0.068005790934
0.982222	0.973333	0.0587287700425
0.980317	0.979259	0.0573600232601
0.977778	0.97037	0.0622541755438
0.972698	0.979259	0.0668432495246
0.979683	0.974815	0.0588861294091
0.975238	0.980741	0.0617058025673
0.970794	0.980741	0.0617653081814
0.979048	0.968889	0.0685708063344
0.980317	0.971852	0.0610052483777
0.979048	0.979259	0.0592806364099
0.975238	0.985185	0.0526109742932
0.976508	0.986667	0.0622218990078
0.972063	0.971852	0.0639070402831
0.977778	0.983704	0.0648811478168
0.980317	0.977778	0.0583007006596
0.982857	0.973333	0.0534639988715
0.975238	0.965926	0.0589381878575
0.977143	0.973333	0.085543450589
0.96	0.962963	0.0881315929194
0.967619	0.96	0.066014163817
0.976508	0.97037	0.0780135095119
0.973333	0.971852	0.0762447528541
0.978413	0.971852	0.0650010444224
0.971429	0.958519	0.0640408576777
0.975238	0.97037	0.0528734990706
0.973968	0.977778	0.0603013653308
0.976508	0.977778	0.0642272233963
0.977143	0.971852	0.0655692592263
0.972698	0.976296	0.0641589406878
0.976508	0.980741	0.0652937442064
0.975873	0.973333	0.0628668240582
0.979683	0.973333	0.0527364344647
0.975873	0.976296	0.0593898240477
0.980317	0.97037	0.0544823414336
0.978413	0.986667	0.0585010070354
0.976508	0.982222	0.0605870212118
0.979683	0.977778	0.0461492426693
0.980952	0.980741	0.0497234904518
0.977778	0.973333	0.0548458136618
0.985397	0.973333	0.0583683152994
0.977778	0.98963	0.0534273640563
0.981587	0.973333	0.0446588212314
0.965079	0.94963	0.0749630487214
0.972698	0.976296	0.076287139828
0.979048	0.979259	0.0711497298131
0.976508	0.964444	0.0602107271552
0.977778	0.980741	0.0613461049894
0.977778	0.979259	0.0743040647358
0.978413	0.982222	0.059353241697
0.979683	0.971852	0.0566225660344
0.979683	0.985185	0.0569494087249
0.979048	0.982222	0.0491063911468
0.984127	0.977778	0.0427469114463
0.978413	0.988148	0.0508080025514
0.982222	0.979259	0.0516283338269
0.980317	0.985185	0.0493792394797
0.975238	0.983704	0.0553180010368
0.971429	0.971852	0.0584746139745
0.981587	0.967407	0.0474804984406
0.977143	0.979259	0.0681089963764
0.967619	0.946667	0.0998606309295
0.974603	0.965926	0.0975004124145
0.975238	0.968889	0.0790353280803
0.978413	0.971852	0.0686596029749
0.975238	0.979259	0.0645399739345
0.980317	0.968889	0.065665266787
0.975873	0.967407	0.0691663095107
0.977143	0.983704	0.0625880857309
0.980317	0.985185	0.0519254769509
0.982222	0.976296	0.0513174127166
0.983492	0.980741	0.0527320858091
0.987302	0.980741	0.0460718354831
0.980952	0.982222	0.048041222617
0.984762	0.97037	0.0386911813791
0.979048	0.973333	0.044098730199
0.986667	0.977778	0.0452384453577
0.982222	0.985185	0.0472999115785
0.984762	0.985185	0.049133438617
0.982857	0.991111	0.0501208199809
0.977778	0.979259	0.0448325987284
0.984127	0.986667	0.0448731615519
0.983492	0.983704	0.0416892509287
0.987936	0.980741	0.0427154464026
0.984762	0.982222	0.0470384933675
0.982222	0.992593	0.0452160246981
0.981587	0.980741	0.0445196457828
0.982222	0.980741	0.0439054220915
0.985397	0.979259	0.0443997258941
0.985397	0.979259	0.0427183220163
0.979683	0.974815	0.0494104052583
0.980317	0.980741	0.0451186671853
0.984762	0.980741	0.0408789974948
0.980952	0.988148	0.049035369729
0.980952	0.980741	0.0477061352382
0.977143	0.983704	0.0428266475598
0.982222	0.986667	0.0489536958436
0.969524	0.983704	0.0558486354227
0.980317	0.971852	0.0609638417761
0.978413	0.980741	0.0642623398453
0.975238	0.986667	0.0529013024643
0.972698	0.967407	0.0547816281517
0.979683	0.983704	0.0530406394973
0.975873	0.977778	0.063195431605
0.982222	0.968889	0.0682018871109
0.970794	0.973333	0.0554165762539
0.976508	0.977778	0.0628799336652
0.979683	0.982222	0.0513463240738
0.982222	0.974815	0.0465401702871
0.976508	0.979259	0.0548537870248
0.980952	0.985185	0.0506866384918
0.982222	0.986667	0.0417949641123
0.983492	0.985185	0.0447388049215
0.984762	0.98963	0.0554529981067
0.986032	0.980741	0.042675231273
0.983492	0.983704	0.0431730387112
0.984127	0.974815	0.0419294796884
0.985397	0.988148	0.0391221912578
0.989206	0.977778	0.0324050296719
0.984127	0.988148	0.0450030869494
0.985397	0.988148	0.0427445316066
0.985397	0.983704	0.0342199116324
0.982857	0.992593	0.0421773813044
0.980317	0.976296	0.0356651103745
0.986667	0.988148	0.0355851007625
0.984127	0.985185	0.0398183008656
0.983492	0.991111	0.0460794636359
0.984127	0.98963	0.0397977288812
0.985397	0.985185	0.0398946227506
0.983492	0.985185	0.0420806788219
0.987936	0.979259	0.0349965039641
0.989841	0.983704	0.0448871313905
0.977778	0.977778	0.0352422355985
0.979683	0.976296	0.0459530030688
0.978413	0.977778	0.0489869428178
0.975238	0.97037	0.0452574215208
0.96127	0.964444	0.0656733599802
0.947937	0.952593	0.107208941132
0.975873	0.974815	0.064007403329
0.95746	0.96	0.0713461221506
0.980952	0.974815	0.057929597795
0.980317	0.979259	0.0604406666631
0.983492	0.979259	0.0495245860269
0.984127	0.980741	0.0541957532987
0.984762	0.986667	0.0416036701451
0.981587	0.982222	0.0583007832368
0.986667	0.974815	0.0552375062058
0.979683	0.992593	0.0522748511285
0.986032	0.979259	0.0397937685872
0.984762	0.98963	0.0437719896436
0.986032	0.985185	0.0396096510813
0.984127	0.988148	0.0445072563986
0.985397	0.98963	0.0352348644907
0.986667	0.980741	0.0336810594114
0.988571	0.979259	0.0382869696865
0.984762	0.985185	0.0380139639601
0.984762	0.985185	0.0360264057914
0.987936	0.976296	0.0378463699793
0.987936	0.988148	0.0397980076571
0.984762	0.971852	0.0391382143522
0.972698	0.965926	0.0701969030003
0.978413	0.971852	0.0553278823694
0.986032	0.977778	0.0410120567928
0.987302	0.979259	0.0417171840866
0.986032	0.979259	0.0393747724593
0.987302	0.982222	0.0390126124645
0.985397	0.98963	0.0409574282045
0.983492	0.994074	0.0396808553487
0.989206	0.982222	0.0332922249412
0.987936	0.985185	0.0357681691336
0.988571	0.985185	0.0354900394256
0.988571	0.977778	0.0280817835592
0.983492	0.976296	0.0379107709353
0.987302	0.982222	0.0327948397025
0.989206	0.982222	0.0381213886042
0.986032	0.985185	0.0346227462093
0.984762	0.979259	0.0402336039891
0.982857	0.980741	0.0379676250741
0.972698	0.979259	0.0767612364143
0.979048	0.977778	0.0702089335149
0.987302	0.979259	0.0414461974675
0.985397	0.980741	0.0399759492526
0.986032	0.983704	0.0451564425603
0.980952	0.971852	0.0482278876007
0.975873	0.965926	0.0326115846013
0.983492	0.986667	0.05420779561
0.972698	0.980741	0.0604526437819
0.986667	0.985185	0.0438909586519
0.982857	0.979259	0.0404140825073
0.985397	0.973333	0.0376330905904
0.985397	0.983704	0.0459837866947
0.984127	0.985185	0.0523842911546
0.979048	0.983704	0.0708100479096
0.973968	0.976296	0.0568946773807
0.969524	0.974815	0.0796568679313
0.976508	0.97037	0.0652913811306
0.973333	0.957037	0.047922023572
0.966984	0.96	0.0514608661955
0.979683	0.968889	0.0493979491293
0.983492	0.986667	0.0449458612129
0.986032	0.980741	0.0406134979179
0.984762	0.988148	0.0362429252515
0.986032	0.986667	0.0368819391976
0.989206	0.983704	0.0368547032898
0.988571	0.985185	0.0293948895608
0.991111	0.980741	0.0291196405888
0.986032	0.992593	0.0355472664038
0.987936	0.985185	0.0284247482195
0.988571	0.983704	0.0336586454262
0.989841	0.986667	0.0312477871776
0.989841	0.986667	0.0292428502192
0.989206	0.985185	0.0301111778244
0.985397	0.983704	0.0290934586277
0.980952	0.980741	0.0426138189311
0.983492	0.979259	0.0356600065716
0.986667	0.988148	0.039156324851
0.973968	0.946667	0.0540520849948
0.970159	0.965926	0.0463154911995
0.979048	0.98963	0.0483156113575
0.980952	0.982222	0.0506746489555
0.984762	0.982222	0.0465015020842
0.988571	0.98963	0.0437050915013
0.988571	0.988148	0.035467122371
0.988571	0.988148	0.0345385757585
0.989206	0.98963	0.0298978396071
0.989206	0.988148	0.0358769623563
0.987302	0.994074	0.0368823825071
0.991746	0.986667	0.0277832915696
0.990476	0.98963	0.0265392231134
0.987302	0.98963	0.0349152768031
0.987302	0.992593	0.0369066273173
0.987302	0.991111	0.0284696587672
0.991111	0.982222	0.0230440281642
0.986667	0.988148	0.0410745292902
0.989841	0.98963	0.0304620740935
0.990476	0.991111	0.0275008670675
0.991746	0.986667	0.0244508289422
0.991746	0.986667	0.0289754796152
0.989841	0.988148	0.0268534421921
0.992381	0.98963	0.025761158516
0.992381	0.98963	0.0221902257763
0.991746	0.985185	0.0284136338159
0.991111	0.994074	0.0308434711769
0.989841	0.992593	0.0297910613008
0.986667	0.983704	0.0298038194887
0.993016	0.985185	0.0270381500013
0.991111	0.98963	0.0343709212417
0.987302	0.977778	0.0266999085434
0.990476	0.988148	0.0270696176837
0.989841	0.992593	0.0273852949031
0.992381	0.98963	0.026246233688
0.991746	0.988148	0.0247227884829
0.986032	0.986667	0.0305674476549
0.988571	0.992593	0.0239676142422
0.991746	0.988148	0.0231247474439
0.991746	0.991111	0.0244462019764
0.992381	0.986667	0.0284877289087
0.995556	0.980741	0.0182305214306
0.991111	0.98963	0.0219324453889
0.989841	0.994074	0.0255073142859
0.983492	0.983704	0.0262779416128
0.987302	0.977778	0.0520221081873
0.984762	0.992593	0.0467195759217
0.989841	0.98963	0.0348744923249
0.987302	0.983704	0.0420932459335
0.985397	0.983704	0.0562807784105
0.980317	0.983704	0.0502274800092
0.988571	0.982222	0.047037510667
0.955556	0.96	0.0749768577516
0.980952	0.977778	0.0684913750738
0.973333	0.976296	0.0563606023788
0.980952	0.982222	0.0530374323328
0.986667	0.985185	0.0460952343419
0.985397	0.985185	0.0371783887967
0.989206	0.988148	0.0374943070735
0.989841	0.991111	0.0296795416313
0.989206	0.988148	0.0368340093022
0.991111	0.98963	0.0331179775919
0.989841	0.992593	0.0270406860703
0.990476	0.98963	0.0260712523013
0.989841	0.994074	0.0273065213114
0.991111	0.98963	0.023857128496
0.988571	0.991111	0.0313945692033
0.989841	0.988148	0.0231713152801
0.989206	0.994074	0.0300720650703
0.993651	0.986667	0.0219216203938
0.991111	0.98963	0.0252467797448
0.991111	0.98963	0.0268891886808
0.993016	0.98963	0.0242026223956
0.990476	0.992593	0.0249884456086
0.990476	0.991111	0.0321740194534
0.982857	0.977778	0.0242721202473
0.991111	0.994074	0.0248023633224
0.986032	0.997037	0.0343486381074
0.989841	0.983704	0.0275951524576
0.984127	0.976296	0.04096772708
0.987936	0.986667	0.0400795660292
0.989206	0.992593	0.0325019201264
0.987936	0.992593	0.0335422152032
0.989841	0.991111	0.0318919705848
0.989206	0.980741	0.0288938394127
0.991111	0.988148	0.0230683785242
0.989841	0.995556	0.0249092440742
0.989206	0.983704	0.024848684979
0.986032	0.985185	0.0292006569604
0.992381	0.98963	0.021521268102
0.991111	0.995556	0.0242996023347
0.991111	0.985185	0.0220666642611
0.995556	0.980741	0.0176800514261
0.989206	0.986667	0.0280681584651
0.990476	0.991111	0.0263182880978
0.991746	0.992593	0.0232090197193
0.993651	0.988148	0.0185642152404
0.989841	0.991111	0.0253024677125
0.988571	0.994074	0.0221452937306
0.991746	0.994074	0.0334930705527
0.991111	0.979259	0.0178342073535
0.987302	0.988148	0.0248305645461
0.991111	0.992593	0.0269783937062
0.993651	0.986667	0.0207036497692
0.993016	0.986667	0.0211352128536
0.991746	0.988148	0.0193602940999
0.990476	0.991111	0.0238110932211
0.970794	0.968889	0.0304752035687
0.973333	0.977778	0.0618682360897
0.959365	0.971852	0.0527687532206
0.951111	0.952593	0.13320254224
0.954286	0.951111	0.107168011367
0.970794	0.961481	0.0826186860601
0.975873	0.967407	0.0808391223351
0.986032	0.982222	0.0619439625492
0.987936	0.982222	0.0539408028126
0.989206	0.980741	0.0385489085068
0.991746	0.98963	0.0368590572228
0.987936	0.982222	0.0357630625367
0.989206	0.992593	0.0345455156639
0.993016	0.985185	0.0278250206417
0.990476	0.994074	0.0270647952178
0.993651	0.98963	0.0243228590116
0.991111	0.992593	0.0290517052636
0.992381	0.992593	0.0254943459295
0.993016	0.991111	0.0204425281845
0.992381	0.991111	0.0200045717259
0.993651	0.98963	0.017937486642
0.992381	0.98963	0.0246496726759
0.991746	0.994074	0.0269053041314
0.992381	0.992593	0.0214624237269
0.994921	0.986667	0.021844403663
0.989206	0.998519	0.0321036712267
0.991746	0.988148	0.0224716292384
0.990476	0.994074	0.0207039543117
0.992381	0.992593	0.0232725393338
0.994286	0.988148	0.0204519134325
0.993016	0.98963	0.0200190126585
0.989841	0.997037	0.0312344599515
0.992381	0.991111	0.0193716565069
0.993651	0.988148	0.0173637053619
0.989206	0.991111	0.0215511831144
0.986667	0.992593	0.0317872650921
0.988571	0.983704	0.0198702816851
0.987936	0.979259	0.0327061992139
0.983492	0.986667	0.0263188512375
0.991111	0.98963	0.0259303061757
0.991111	0.994074	0.0249449570353
0.991746	0.98963	0.0199798297447
0.993016	0.991111	0.0223877672106
0.986032	0.988148	0.029076476271
0.989841	0.985185	0.0323533639312
0.967619	0.964444	0.0642916456175
0.973333	0.967407	0.0782166840509
0.985397	0.991111	0.0795117150992
0.980952	0.982222	0.0656480214869
0.990476	0.985185	0.045194733267
0.982222	0.985185	0.0456970029821
0.990476	0.980741	0.0406795668726
0.992381	0.985185	0.0284102388347
0.990476	0.986667	0.0299730304008
0.989206	0.998519	0.0359621796136
0.991746	0.992593	0.0252365901445
0.992381	0.98963	0.0278542504335
0.992381	0.991111	0.0306989559904
0.991746	0.988148	0.024818002712
0.993016	0.98963	0.0241807897886
0.990476	0.986667	0.0255861077458
0.993016	0.986667	0.025182477509
0.991746	0.991111	0.0213386065637
0.990476	0.997037	0.0254241600633
0.994921	0.986667	0.0215214680259
0.992381	0.988148	0.0185797859449
0.989206	0.994074	0.0251689037929
0.993016	0.991111	0.0273964790006
0.993016	0.991111	0.0271352812027
0.991111	0.98963	0.0207099020481
0.989841	0.980741	0.0223046227669
0.966349	0.962963	0.0917099850873
0.96381	0.936296	0.106295796111
0.96254	0.97037	0.105561365684
0.966984	0.957037	0.102426030363
0.975873	0.977778	0.104388143867
0.977143	0.985185	0.077221399794
0.983492	0.979259	0.0551369097084
0.983492	0.983704	0.0451495721936
0.988571	0.985185	0.0381953312705
0.990476	0.988148	0.0332284187898
0.990476	0.991111	0.029485062696
0.988571	0.997037	0.0325598989924
0.991746	0.991111	0.0260096077497
0.993016	0.988148	0.0224894212248
0.991746	0.992593	0.0221295250424
0.993651	0.991111	0.0246379094509
0.993016	0.992593	0.0210575543654
0.989841	0.997037	0.0265718085381
0.993016	0.991111	0.0198926098334
0.993016	0.98963	0.0203294274397
0.991746	0.988148	0.0184755795635
0.990476	0.992593	0.021390164271
0.994286	0.988148	0.0185449035683
0.993016	0.98963	0.0226538176648
0.994921	0.986667	0.018443113969
0.992381	0.994074	0.0202530993459
0.993651	0.991111	0.0153270716158
0.993016	0.991111	0.0188460302694
0.993016	0.992593	0.0190162288879
0.991746	0.995556	0.0224547580195
0.994286	0.98963	0.0199502383669
0.991746	0.995556	0.0207588576401
0.992381	0.985185	0.0193039195146
0.994286	0.986667	0.0209731993576
0.990476	0.995556	0.022115007819
0.994921	0.988148	0.0196708366275
0.991746	0.995556	0.0181946310525
0.993651	0.98963	0.0179774023903
0.991111	0.995556	0.0233923646932
0.991746	0.994074	0.0202799133646
0.992381	0.994074	0.019238662906
0.991746	0.98963	0.0176641167297
0.992381	0.992593	0.022875123114
0.989841	0.991111	0.0220013332243
0.990476	0.991111	0.0253979610279
0.991746	0.995556	0.0229706217845
0.993016	0.992593	0.0180993780183
0.994286	0.988148	0.0153935989365
0.993651	0.991111	0.017278327141
0.994921	0.988148	0.0157276873166
0.992381	0.995556	0.0209619446347
0.990476	1.0	0.0268641509271
0.987302	0.991111	0.0194973090353
0.991111	0.995556	0.0227883514017
0.994286	0.991111	0.0169728856223
0.994286	0.991111	0.016264397651
0.994286	0.991111	0.0180911265003
0.993651	0.991111	0.0173046402633
0.992381	0.994074	0.0284650143391
0.990476	0.997037	0.0253286190952
0.992381	0.992593	0.0215268170771
0.991111	0.992593	0.0198077624664
0.989841	0.983704	0.01903410675
0.966984	0.957037	0.102596348152
0.980952	0.97037	0.0737887549525
0.974603	0.962963	0.0612044471006
0.985397	0.976296	0.0523943478862
0.979683	0.976296	0.0555711730073
0.984762	0.979259	0.0407024814437
0.987936	0.982222	0.0307621493315
0.982857	0.986667	0.0328415262823
0.990476	0.994074	0.0298532295662
0.991746	0.991111	0.0259519517422
0.992381	0.992593	0.0232349364087
0.991111	0.997037	0.0214073408085
0.991746	0.994074	0.0258783729126
0.993016	0.991111	0.0249669596863
0.993651	0.992593	0.0177158638835
0.992381	0.994074	0.0201039668173
0.994286	0.988148	0.0168199143372
0.992381	0.995556	0.021641758581
0.991746	0.995556	0.0211937508235
0.992381	0.994074	0.0208385198688
0.992381	0.994074	0.0197854956302
0.994286	0.98963	0.0199928696578
0.994921	0.98963	0.0156387253664
0.990476	0.997037	0.0228879350858
0.991111	0.997037	0.0222276189985
0.993016	0.98963	0.0203157199236
0.989841	0.992593	0.0275530099558
0.990476	0.995556	0.0217639166319
0.993651	0.988148	0.0206017642437
0.993016	0.991111	0.0187789052725
0.993016	0.992593	0.0165222525053
0.993651	0.992593	0.0224933968857
0.993651	0.991111	0.0194305429856
0.993016	0.992593	0.0199089460075
0.993651	0.991111	0.020357236887
0.992381	0.994074	0.0192047766953
0.993651	0.992593	0.0193584972682
0.990476	0.998519	0.0219790974321
0.994921	0.988148	0.0184945945318
0.992381	0.992593	0.0182010346713
0.991746	0.994074	0.0179712586105
0.993651	0.98963	0.0166724060352
0.991746	0.995556	0.0215113510688
0.992381	0.995556	0.0185040066329
0.993651	0.992593	0.0165674383752
0.993651	0.992593	0.0155805646597
0.993651	0.992593	0.0144657096826
0.996825	0.986667	0.0128267075246
0.992381	0.995556	0.022317763418
0.991746	0.992593	0.0188436154276
0.991746	0.995556	0.0249003052401
0.989841	0.988148	0.040259208375
0.965714	0.968889	0.0651259204994
0.968889	0.973333	0.0544351513187
0.980952	0.973333	0.0703923907131
0.990476	0.983704	0.0373940685143
0.989206	0.997037	0.0372729388376
0.993651	0.991111	0.0327450986952
0.993016	0.985185	0.0306163677014
0.989206	0.98963	0.0273806162489
0.984762	0.986667	0.0304268797239
0.987302	0.98963	0.0392978703603
0.982857	0.980741	0.0353019544855
0.989206	0.982222	0.0323523717622
0.992381	0.98963	0.0251043455986
0.986667	0.991111	0.0298279644921
0.990476	0.982222	0.027974515222
0.988571	0.986667	0.0248019569553
0.993016	0.98963	0.0167757242452
0.991111	0.992593	0.0255287623343
0.992381	0.991111	0.022259754284
0.992381	0.994074	0.0226201747234
0.99619	0.986667	0.016313876103
0.993651	0.994074	0.0185621183676
0.991746	0.995556	0.0211219588139
0.993651	0.991111	0.0174095200685
0.991746	0.995556	0.0232035213461
0.994921	0.988148	0.0153600324411
0.992381	0.994074	0.0170109893661
0.993016	0.992593	0.0153371324996
0.994286	0.98963	0.0157719257598
0.993651	0.992593	0.0152126838608
0.991746	0.997037	0.020743806536
0.994286	0.98963	0.0166790333266
0.993016	0.992593	0.0194447062289
0.993651	0.992593	0.0155032709396
0.991111	0.992593	0.0189504922989
0.991746	0.991111	0.0149334447924
0.991111	0.98963	0.0161612981465
0.993016	0.992593	0.017605892693
0.992381	0.992593	0.0193991200067
0.993016	0.991111	0.0156416880976
0.994286	0.98963	0.0145255734678
0.994286	0.991111	0.0173084431638
0.993651	0.98963	0.0165920810929
0.991111	0.994074	0.0179039443998
0.993016	0.994074	0.0154661796987
0.993016	0.994074	0.018336871018
0.992381	0.994074	0.0196687092539
0.987936	0.994074	0.0166041615303
0.990476	0.982222	0.0166265185302
0.986667	0.985185	0.0236550436045
0.991746	0.988148	0.0193569250405
0.989841	0.994074	0.0192057783715
0.993651	0.992593	0.0169046387697
0.993016	0.994074	0.0224951198325
0.993651	0.98963	0.0182050803366
0.995556	0.986667	0.0172752202488
0.993651	0.98963	0.0235615928347
0.991746	0.997037	0.0220262335303
0.992381	0.994074	0.0180212352425
0.991746	0.994074	0.0213797370282
0.992381	0.997037	0.0237859489862
0.993651	0.98963	0.016904159449
0.993651	0.992593	0.0207944113451
0.996825	0.985185	0.0134546469587
0.991746	0.98963	0.0245819377402
0.993016	0.991111	0.0279236848777
0.987936	0.988148	0.0176116826866
0.992381	0.994074	0.0248755197972
0.990476	0.995556	0.0225563049316
0.993016	0.994074	0.0186817962676
0.991111	0.985185	0.0216692079169
0.991111	0.983704	0.0210219958487
0.981587	0.982222	0.027407845327
0.986667	0.980741	0.0250004686726
0.990476	0.980741	0.0555733141179
0.983492	0.985185	0.0439858276707
0.983492	0.994074	0.0334879956208
0.993016	0.988148	0.0191187800374
0.992381	0.988148	0.0264757350087
0.990476	0.988148	0.0257144162897
0.991746	0.995556	0.0258220850568
0.980952	0.980741	0.0436741863377
0.983492	0.976296	0.0666702405239
0.980317	0.980741	0.044031709743
0.986667	0.986667	0.0369066108639
0.987936	0.98963	0.03132682185
0.988571	0.986667	0.0306832489247
0.991111	0.992593	0.0316602831396
0.993016	0.994074	0.0287205210576
0.994921	0.98963	0.0193518536786
0.994286	0.991111	0.0209631149968
0.991746	0.997037	0.0197604070418
0.993016	0.994074	0.0207813583935
0.993651	0.992593	0.0188404660051
0.993651	0.994074	0.0203228622365
0.993651	0.994074	0.0192876736013
0.99619	0.986667	0.0114094070547
0.994286	0.991111	0.0143105708994
0.994921	0.98963	0.0153738951776
0.992381	0.995556	0.0163775532662
0.992381	0.995556	0.0171571204749
0.995556	0.98963	0.0170395436386
0.991746	0.995556	0.0164831588045
0.995556	0.985185	0.0146109946848
0.992381	0.997037	0.0193295134619
0.994286	0.98963	0.0211743658098
0.993016	0.992593	0.0145824033146
0.991746	0.992593	0.0178206445804
0.992381	0.994074	0.0185501873493
0.992381	0.985185	0.0159268546849
0.989841	0.988148	0.0336112634589
0.982222	0.982222	0.0611940606808
0.979048	0.983704	0.0631349546214
0.989841	0.982222	0.0465362692873
0.986032	0.988148	0.044481145218
0.991746	0.982222	0.0338725082887
0.991111	0.992593	0.0267981668003
0.992381	0.992593	0.0266210219512
0.989841	0.994074	0.0261110973079
0.994286	0.98963	0.0325887175277
0.992381	0.995556	0.0189646861205
0.992381	0.994074	0.0209356621684
0.993016	0.995556	0.0227254029984
0.994921	0.991111	0.0183917459411
0.993651	0.991111	0.017646467158
0.994921	0.98963	0.0180790093727
0.992381	0.991111	0.0210412011171
0.993016	0.995556	0.0203363783658
0.994286	0.98963	0.0181853129373
0.993651	0.994074	0.0164818796329
0.995556	0.98963	0.0132770590329
0.992381	0.994074	0.0173902298945
0.992381	0.995556	0.0185154493277
0.993651	0.992593	0.0164466677234
0.994286	0.992593	0.0153307546861
0.992381	0.997037	0.0184364656452
0.994286	0.992593	0.0158837485748
0.991746	0.997037	0.0164122617959
0.993016	0.994074	0.0150174532707
0.994286	0.991111	0.0137734652769
0.993651	0.992593	0.0139370914937
0.992381	0.995556	0.0173290944658
0.994921	0.98963	0.0109423862305
0.994286	0.992593	0.0191329442896
0.993651	0.994074	0.0161480615304
0.992381	0.995556	0.0192233758668
0.992381	0.995556	0.0181653150357
0.992381	0.995556	0.0154223340602
0.994286	0.992593	0.0151146870727
0.993016	0.994074	0.0155316620755
0.993651	0.992593	0.0181853682734
0.991746	0.995556	0.0177217591554
0.995556	0.98963	0.0154321235605
0.994921	0.986667	0.013359005563
0.993651	0.994074	0.0199502470593
0.992381	0.991111	0.0171545424188
0.993016	0.995556	0.0200682547875
0.993016	0.995556	0.0168859680028
0.993651	0.992593	0.0167359649204
0.991746	0.998519	0.0198145454051
0.990476	0.997037	0.0212441179901
0.992381	0.994074	0.0196035914123
0.992381	0.995556	0.0170757682839
0.990476	0.992593	0.0185352351206
0.99619	0.988148	0.0112013799371
0.993651	0.991111	0.0132678730879
0.993651	0.994074	0.0148980482481
0.993651	0.992593	0.0156263920944
0.994286	0.992593	0.0142469812805
0.991111	0.998519	0.0203487932061
0.993016	0.995556	0.0204056872365
0.994921	0.991111	0.0141306693355
0.994921	0.991111	0.0143031969977
0.994921	0.991111	0.010912331442
0.992381	0.992593	0.0166792158658
0.993016	0.995556	0.0196037862139
0.993016	0.992593	0.0181393823586
0.994921	0.991111	0.0147299589589
0.993016	0.98963	0.0214266727368
0.992381	0.995556	0.0166640247141
0.993651	0.992593	0.0167248898263
0.992381	0.985185	0.0147239413733
0.992381	0.98963	0.0249010104065
0.990476	0.991111	0.0305059362824
0.987302	0.986667	0.022860817456
0.990476	0.982222	0.0264787076352
0.992381	0.98963	0.0249225837179
0.988571	0.988148	0.0580483752613
0.984762	0.985185	0.0371241311853
0.989841	0.988148	0.0319366566837
0.988571	0.982222	0.0387272213896
0.989841	0.98963	0.0322425228854
0.991111	0.983704	0.0243970635347
0.992381	0.986667	0.027320294641
0.994286	0.985185	0.0232084391949
0.992381	0.98963	0.0235728546977
0.992381	0.991111	0.0187597766829
0.993651	0.992593	0.0185369829026
0.993651	0.994074	0.0173789137043
0.994286	0.986667	0.0159551765925
0.995556	0.98963	0.0147228478454
0.993651	0.994074	0.0162952980803
0.993016	0.994074	0.0173848448321
0.993016	0.994074	0.0156700049217
0.993651	0.992593	0.0175810259146
0.992381	0.992593	0.0169384381734
0.993016	0.988148	0.0158355791743
0.991746	0.992593	0.0168397860058
0.994286	0.988148	0.0176404675779
0.991111	0.994074	0.0188912526549
0.995556	0.98963	0.0137745735701
0.994921	0.98963	0.0131475925446
0.993651	0.992593	0.0170792471617
0.993016	0.983704	0.0215742089398
0.991746	0.98963	0.0297236059171
0.991746	0.995556	0.0260024595385
0.991746	0.992593	0.0205795197592
0.993651	0.992593	0.0177234417448
