0.725714	0.733333	0.655297011137
0.780952	0.751111	0.57605967919
0.817143	0.780741	0.489486088355
0.814603	0.842963	0.425185834368
0.841905	0.848889	0.403381317854
0.852698	0.842963	0.372425466776
0.853968	0.835556	0.368981530269
0.843175	0.834074	0.383659482002
0.848889	0.844444	0.363905484478
0.84	0.859259	0.404632285237
0.843175	0.859259	0.36235032479
0.843175	0.851852	0.370220343272
0.859048	0.854815	0.354845369856
0.851429	0.828148	0.332699092726
0.867302	0.844444	0.318679829439
0.866032	0.847407	0.339949786663
0.854603	0.875556	0.335899067422
0.856508	0.856296	0.340524514516
0.860317	0.860741	0.32206748426
0.855873	0.875556	0.345812206467
0.867936	0.845926	0.332975894213
0.852063	0.877037	0.329807966948
0.864762	0.866667	0.331095069647
0.854603	0.837037	0.320540452997
0.859048	0.881481	0.34679402411
0.871746	0.854815	0.33674544096
0.87619	0.847407	0.311000997821
0.872381	0.860741	0.323262751102
0.867302	0.868148	0.323089097937
0.865397	0.881481	0.32470908761
0.874921	0.857778	0.311878100038
0.869206	0.875556	0.322856684526
0.864762	0.875556	0.32574372987
0.880635	0.851852	0.315244848529
0.867302	0.877037	0.346357752879
0.874286	0.863704	0.314569041133
0.859048	0.874074	0.30634304136
0.861587	0.857778	0.302417499324
0.878095	0.863704	0.324747021
0.864127	0.882963	0.329014395674
0.849524	0.871111	0.329510057966
0.873651	0.871111	0.326577444871
0.869206	0.874074	0.327622637153
0.874286	0.86963	0.312168205778
0.867302	0.882963	0.320536692937
0.873651	0.872593	0.304013490677
0.867936	0.871111	0.300715843836
0.880635	0.862222	0.301543265581
0.867936	0.888889	0.317975071569
0.874286	0.881481	0.3188269039
0.870476	0.875556	0.306249762575
0.874921	0.86963	0.304188149671
0.880635	0.857778	0.317814409733
0.883175	0.863704	0.304038559397
0.875556	0.882963	0.302845023572
0.880635	0.872593	0.298639973005
0.879365	0.871111	0.280555238326
0.87619	0.877037	0.317218018075
0.883175	0.86963	0.291884901623
0.885079	0.875556	0.285845225056
0.879365	0.888889	0.301833808422
0.875556	0.874074	0.289123177528
0.876825	0.888889	0.290968845288
0.865397	0.854815	0.311905299624
0.87873	0.865185	0.284680835903
0.890794	0.865185	0.295309285323
0.87619	0.866667	0.291981843611
0.874286	0.884444	0.306813945373
0.875556	0.88	0.279473409057
0.873016	0.897778	0.290867542227
0.870476	0.859259	0.297113289436
0.875556	0.875556	0.292618552844
0.88254	0.885926	0.289262493451
0.884444	0.888889	0.298514187336
0.88381	0.884444	0.277288322647
0.87873	0.878519	0.300852311154
0.878095	0.882963	0.307535340389
0.871111	0.881481	0.293275167545
0.87873	0.877037	0.299936110775
0.873651	0.900741	0.304742991924
0.883175	0.884444	0.287058750788
0.87873	0.875556	0.287354086836
0.879365	0.868148	0.285309791565
0.88127	0.896296	0.282567945619
0.890794	0.872593	0.275765133401
0.87619	0.903704	0.295518706242
0.879365	0.884444	0.282611613472
0.885714	0.893333	0.294352936248
0.887619	0.875556	0.2736184448
0.88381	0.887407	0.280803111692
0.871746	0.891852	0.282201915979
0.88	0.900741	0.29229841133
0.880635	0.896296	0.284715217849
0.885079	0.89037	0.283768760661
0.888889	0.882963	0.277477992078
0.883175	0.902222	0.269531851014
0.889524	0.887407	0.275714124242
0.885079	0.90963	0.275260540346
0.888254	0.89037	0.281712479889
0.890794	0.897778	0.270684666932
0.884444	0.881481	0.278427903851
0.888889	0.881481	0.264387165507
0.898413	0.875556	0.275119550526
0.886984	0.88	0.273558487495
0.886349	0.897778	0.280616906782
0.890794	0.884444	0.257140104969
0.88127	0.911111	0.285709276795
0.895873	0.891852	0.275805654625
0.87873	0.877037	0.273279080788
0.894603	0.882963	0.256973999242
0.885079	0.89037	0.266969139377
0.886984	0.885926	0.270965685447
0.895873	0.847407	0.258570797741
0.890159	0.865185	0.265581456323
0.897143	0.887407	0.288368438681
0.886984	0.903704	0.279011870424
0.891429	0.902222	0.281200995048
0.906667	0.865185	0.24211251239
0.895873	0.874074	0.250495282312
0.895873	0.885926	0.273514062166
0.894603	0.897778	0.26901199917
0.891429	0.896296	0.26243036737
0.888889	0.887407	0.262623593211
0.885714	0.89037	0.268776235481
0.893968	0.893333	0.256137331327
0.895873	0.903704	0.271050468087
0.896508	0.897778	0.252554528415
0.893968	0.900741	0.259856897096
0.894603	0.899259	0.259030436476
0.892698	0.897778	0.264871689181
0.895238	0.906667	0.263809921841
0.900317	0.902222	0.250662493209
0.899683	0.885926	0.229001569251
0.909841	0.86963	0.226257180174
0.890794	0.897778	0.266213084261
0.886984	0.893333	0.258876996736
0.899683	0.884444	0.276906477908
0.893968	0.88	0.238473626475
0.895238	0.888889	0.256037086248
0.890159	0.899259	0.26535654068
0.883175	0.884444	0.256628217796
0.885714	0.875556	0.259931842486
0.888254	0.875556	0.263884929319
0.905397	0.88	0.254096319278
0.900952	0.893333	0.256242223084
0.890159	0.896296	0.266843311489
0.885714	0.888889	0.26828995347
0.900317	0.875556	0.2574054872
0.897143	0.885926	0.272236205637
0.900952	0.885926	0.260049474736
0.893968	0.912593	0.247551692029
0.893968	0.905185	0.263037063181
0.901587	0.905185	0.261574365199
0.905397	0.896296	0.235833463569
0.904762	0.905185	0.255138903856
0.905397	0.896296	0.241695734362
0.899048	0.89037	0.247681943079
0.897778	0.92	0.256952079634
0.901587	0.887407	0.237172494332
0.904127	0.905185	0.242868753771
0.898413	0.906667	0.244346501927
0.888889	0.90963	0.256675876677
0.901587	0.921481	0.254187901815
0.899048	0.911111	0.272587450842
0.895873	0.914074	0.256331803898
0.891429	0.884444	0.243559675912
0.897778	0.912593	0.236848384142
0.903492	0.915556	0.248072241743
0.902222	0.897778	0.230318772296
0.900317	0.911111	0.251136295497
0.900317	0.918519	0.239836968482
0.904127	0.900741	0.231520061692
0.896508	0.911111	0.237794322272
0.900317	0.918519	0.241226149102
0.904762	0.894815	0.228087857366
0.904762	0.905185	0.235387980938
0.902222	0.900741	0.23234300067
0.900952	0.912593	0.232306301594
0.909841	0.908148	0.228351846337
0.898413	0.917037	0.232733013729
0.885079	0.872593	0.238697186112
0.904127	0.88	0.243850554029
0.909841	0.908148	0.249009740849
0.906667	0.906667	0.252020192643
0.904762	0.921481	0.221960224211
0.902857	0.915556	0.234824401637
0.905397	0.915556	0.249509265025
0.905397	0.915556	0.235391356051
0.911746	0.905185	0.217960437139
0.904762	0.917037	0.238677017391
0.899683	0.925926	0.243795697888
0.908571	0.912593	0.238692301015
0.913016	0.896296	0.231170095503
0.911111	0.905185	0.234394840896
0.908571	0.903704	0.231175785263
0.902857	0.900741	0.21404645592
0.911746	0.906667	0.218010040621
0.906667	0.93037	0.219905073444
0.903492	0.903704	0.225943446159
0.906667	0.912593	0.220277577639
0.911746	0.911111	0.223261202375
0.913016	0.917037	0.228450169166
0.911746	0.903704	0.206611476839
0.911111	0.882963	0.22347069035
0.914921	0.865185	0.203760184348
0.913651	0.908148	0.202895225336
0.907937	0.912593	0.226737889151
0.906667	0.896296	0.229543420176
0.906032	0.893333	0.218131368359
0.918095	0.905185	0.210603865484
0.912381	0.888889	0.230049823721
0.906032	0.908148	0.21773203214
0.921905	0.897778	0.204627849162
0.92	0.900741	0.207787175973
0.921905	0.903704	0.209418229759
0.914286	0.921481	0.219289116561
0.919365	0.912593	0.195115533968
0.914286	0.915556	0.212850903471
0.911111	0.90963	0.215802123149
0.906667	0.92	0.215101537605
0.907937	0.915556	0.216840373973
0.913651	0.899259	0.20063273857
0.918095	0.897778	0.201363836726
0.908571	0.918519	0.228701536854
0.923175	0.906667	0.208421866099
0.919365	0.918519	0.21708774815
0.919365	0.92	0.221790907284
0.92127	0.914074	0.198210584621
0.916191	0.90963	0.209580625097
0.921905	0.922963	0.196615240226
0.92	0.914074	0.211746429404
0.900317	0.915556	0.220395175119
0.902222	0.903704	0.230282252034
0.911746	0.927407	0.213124876221
0.916191	0.914074	0.209227922062
0.906032	0.921481	0.215890355408
0.906667	0.918519	0.215376707415
0.914286	0.922963	0.2205519105
0.900317	0.903704	0.19557955116
0.909841	0.881481	0.230072269837
0.911746	0.925926	0.214914945265
0.92127	0.902222	0.188744040827
0.92254	0.908148	0.214502384265
0.92381	0.90963	0.188981284698
0.913651	0.915556	0.194050617516
0.926349	0.903704	0.189930438995
0.923175	0.922963	0.196055968602
0.91746	0.924444	0.203410645326
0.913651	0.93037	0.195966725548
0.914921	0.906667	0.200443603098
0.914921	0.942222	0.211218784253
0.912381	0.912593	0.19884505868
0.923175	0.915556	0.215455790361
0.914921	0.896296	0.210912413895
0.916191	0.900741	0.20494385312
0.907302	0.92	0.205788428585
0.920635	0.925926	0.204287471871
0.921905	0.917037	0.198096647859
0.927619	0.903704	0.19077676783
0.928254	0.915556	0.179692377647
0.926984	0.902222	0.184894976517
0.924444	0.925926	0.199315254887
0.921905	0.903704	0.195375199119
0.916825	0.911111	0.199512744943
0.92127	0.915556	0.185479809841
0.923175	0.917037	0.203607298434
0.911746	0.925926	0.207207915684
0.923175	0.897778	0.200837209821
0.924444	0.921481	0.194637012978
0.912381	0.937778	0.210578193267
0.925714	0.912593	0.208330847323
0.919365	0.899259	0.188252198199
0.928889	0.908148	0.190850319962
0.924444	0.931852	0.185496216019
0.926984	0.918519	0.186843348046
0.929524	0.928889	0.180702681343
0.928254	0.927407	0.188524251183
0.921905	0.928889	0.184135687848
0.923175	0.933333	0.183421460291
0.92254	0.942222	0.195601639648
0.932064	0.925926	0.192468856772
0.921905	0.93037	0.172387622297
0.926349	0.924444	0.18219191581
0.92381	0.902222	0.164380451043
0.933333	0.925926	0.162862590204
0.923175	0.925926	0.185612502197
0.914286	0.918519	0.203972267608
0.920635	0.922963	0.185698357721
0.921905	0.931852	0.189449643095
0.911111	0.899259	0.202316301564
0.92	0.918519	0.203655833999
0.925079	0.92	0.207099614044
0.919365	0.912593	0.183025325338
0.931429	0.922963	0.191037014127
0.932698	0.915556	0.165458040933
0.930159	0.915556	0.164848079284
0.933333	0.906667	0.166591785848
0.925714	0.933333	0.182816224794
0.940952	0.903704	0.163750996192
0.926349	0.914074	0.177064456046
0.932698	0.931852	0.172368911405
0.934603	0.927407	0.181924410164
0.924444	0.911111	0.173503709336
0.934603	0.927407	0.167703772585
0.914921	0.917037	0.188940249383
0.926984	0.914074	0.174714095891
0.927619	0.931852	0.190903854867
0.930794	0.933333	0.173326015472
0.936508	0.918519	0.163290125628
0.925079	0.934815	0.170499997834
0.935873	0.925926	0.171154119074
0.933968	0.917037	0.159526263674
0.929524	0.939259	0.185231673221
0.937143	0.936296	0.15056106324
0.940317	0.908148	0.159924951692
0.925079	0.937778	0.165524835388
0.930794	0.92	0.169298996528
0.935238	0.924444	0.167623913536
0.928889	0.924444	0.163683531185
0.926984	0.928889	0.172825227181
0.92381	0.928889	0.17560090373
0.927619	0.921481	0.169482295712
0.92381	0.911111	0.164162541429
0.934603	0.934815	0.180688530207
0.921905	0.934815	0.179535221308
0.933333	0.93037	0.166733264923
0.929524	0.92	0.155917224785
0.921905	0.925926	0.191289253533
0.916191	0.912593	0.164612295727
0.903492	0.927407	0.188783722619
0.913651	0.921481	0.212031491101
0.920635	0.921481	0.195319801569
0.930159	0.936296	0.172554341455
0.930159	0.936296	0.162834790846
0.935238	0.933333	0.162351203461
0.937778	0.927407	0.1624718979
0.927619	0.939259	0.16665331771
0.937778	0.922963	0.158186386029
0.928889	0.934815	0.166716843843
0.91746	0.946667	0.169346811871
0.927619	0.928889	0.158364170541
0.932698	0.954074	0.173932482799
0.937143	0.940741	0.165410009523
0.933333	0.940741	0.165922938536
0.936508	0.931852	0.145415513466
0.926349	0.936296	0.163652703166
0.925079	0.921481	0.197062777976
0.916825	0.922963	0.223760878046
0.925079	0.914074	0.198678307235
0.919365	0.915556	0.191532482704
0.926984	0.927407	0.181815023224
0.925079	0.903704	0.172766894102
0.933333	0.931852	0.168388095995
0.937143	0.927407	0.172949741284
0.933333	0.917037	0.147012509406
0.923175	0.911111	0.157861039042
0.930794	0.922963	0.148986293624
0.925714	0.945185	0.171744873126
0.932698	0.939259	0.164170265198
0.935238	0.924444	0.151935078204
0.923175	0.911111	0.16255714496
0.91746	0.922963	0.166491617759
0.932064	0.945185	0.166364221523
0.940317	0.936296	0.153303025911
0.935238	0.942222	0.154673475772
0.942222	0.922963	0.139636512846
0.936508	0.942222	0.151737098893
0.935873	0.933333	0.142746621122
0.935238	0.954074	0.147253985206
0.932698	0.943704	0.162225559354
0.927619	0.948148	0.154280990362
0.939683	0.922963	0.155210092664
0.924444	0.943704	0.165306421618
0.932064	0.925926	0.148788208763
0.937143	0.93037	0.141657955945
0.92254	0.927407	0.152159805099
0.944762	0.924444	0.14672635744
0.937143	0.939259	0.154030690591
0.941587	0.942222	0.140847141544
0.941587	0.93037	0.127509050692
0.939048	0.927407	0.137169542412
0.947302	0.928889	0.127771109343
0.939048	0.925926	0.137404282888
0.939048	0.948148	0.146706690391
0.933968	0.928889	0.132050616046
0.926349	0.915556	0.137608372917
0.905397	0.893333	0.187792624036
0.931429	0.912593	0.170830042412
0.938413	0.93037	0.166441606979
0.939048	0.927407	0.164263399939
0.921905	0.936296	0.16206423069
0.925079	0.93037	0.158300908903
0.942222	0.942222	0.145292729139
0.927619	0.915556	0.147427255909
0.934603	0.937778	0.167848298947
0.942222	0.948148	0.163809278359
0.935873	0.917037	0.141646372775
0.944127	0.933333	0.150374573966
0.930159	0.94963	0.161775978903
0.939048	0.927407	0.147103212774
0.952381	0.922963	0.14440243567
0.940317	0.946667	0.139939638476
0.942222	0.931852	0.138253789395
0.943492	0.925926	0.137338388711
0.933968	0.927407	0.147358200202
0.933333	0.936296	0.147390991449
0.92381	0.942222	0.144205544144
0.929524	0.921481	0.154143333435
0.946032	0.931852	0.152490727603
0.944127	0.937778	0.13634416461
0.949206	0.943704	0.143277494858
0.930794	0.911111	0.150107576201
0.940317	0.943704	0.164051746329
0.939048	0.945185	0.155908297747
0.942222	0.937778	0.133304756135
0.947937	0.943704	0.144569673886
0.946667	0.94963	0.128509394825
0.943492	0.933333	0.116877375791
0.937778	0.925926	0.139403959115
0.940317	0.942222	0.129022734861
0.939683	0.933333	0.132766544819
0.942857	0.924444	0.118958104402
0.941587	0.958519	0.142658474545
0.945397	0.942222	0.127726003528
0.947302	0.94963	0.124707670261
0.950476	0.948148	0.121581318478
0.944762	0.957037	0.127863501509
0.947937	0.954074	0.13317500179
0.951746	0.945185	0.115394713978
0.954921	0.934815	0.118060320616
0.946032	0.946667	0.127093929797
0.95619	0.939259	0.126284612964
0.939048	0.96	0.140301673363
0.948571	0.936296	0.125780643274
0.948571	0.946667	0.117601100355
0.940317	0.943704	0.123674484591
0.949841	0.943704	0.123619640867
0.945397	0.93037	0.13515335694
0.944762	0.940741	0.120129111533
0.939048	0.952593	0.137673263748
0.948571	0.948148	0.136375813435
0.948571	0.936296	0.115948664645
0.951746	0.928889	0.128174009422
0.951746	0.942222	0.126271367073
0.953016	0.928889	0.103300188979
0.939683	0.957037	0.127391194304
0.930794	0.927407	0.122822960218
0.947302	0.952593	0.152485754341
0.944127	0.940741	0.156995862722
0.949841	0.948148	0.113590956976
0.947937	0.939259	0.140350324412
0.944762	0.968889	0.133001962056
0.944762	0.957037	0.126168298225
0.944762	0.925926	0.117575994382
0.955556	0.933333	0.121895775199
0.942222	0.948148	0.138739430656
0.944762	0.940741	0.121442808459
0.953016	0.951111	0.127392854542
0.953016	0.94963	0.112506087869
0.949841	0.955556	0.126504849643
0.939048	0.917037	0.125310192506
0.940952	0.945185	0.128822805981
0.954921	0.94963	0.128540159514
0.955556	0.940741	0.110780692349
0.958095	0.961481	0.112516480188
0.95873	0.945185	0.113179322332
0.95619	0.951111	0.118727115293
0.944762	0.942222	0.111723528554
0.92254	0.922963	0.141915503889
0.953016	0.927407	0.119854902228
0.914286	0.90963	0.17186609904
0.91746	0.940741	0.182098085682
0.925714	0.912593	0.163468067845
0.925714	0.931852	0.150329299271
0.944762	0.943704	0.152754101902
0.949206	0.951111	0.126874951025
0.952381	0.945185	0.112315714359
0.951111	0.948148	0.113843185206
0.949206	0.957037	0.12405731529
0.951746	0.962963	0.104145407056
0.954921	0.951111	0.103942076365
0.95619	0.94963	0.102247164895
0.956825	0.952593	0.104931427787
0.96	0.958519	0.126893813411
0.954921	0.954074	0.116226620972
0.954921	0.945185	0.110922074566
0.958095	0.945185	0.107426762581
0.961905	0.94963	0.103100576748
0.958095	0.954074	0.105102612327
0.95746	0.958519	0.118091255426
0.95619	0.955556	0.117553702245
0.961905	0.945185	0.0953541584313
0.955556	0.951111	0.0992733674745
0.958095	0.951111	0.106814006964
0.965079	0.951111	0.105882192651
0.95873	0.94963	0.111824154854
0.95746	0.945185	0.113922978441
0.951746	0.948148	0.101915736372
0.96381	0.936296	0.105846834679
0.95746	0.951111	0.111561064919
0.96381	0.940741	0.096007583042
0.940317	0.943704	0.116085802515
0.945397	0.951111	0.112882569432
0.958095	0.961481	0.121061916153
0.944762	0.946667	0.131624975552
0.946032	0.954074	0.124252027522
0.949841	0.946667	0.130990638087
0.944762	0.962963	0.14031624794
0.940317	0.943704	0.15997881194
0.948571	0.957037	0.133365361641
0.953651	0.951111	0.117349180082
0.96381	0.942222	0.104033675045
0.961905	0.94963	0.0962053549786
0.958095	0.955556	0.116293226679
0.95746	0.962963	0.121564660221
0.956825	0.96	0.115222087751
0.958095	0.936296	0.0971601977944
0.95619	0.943704	0.0941067263484
0.949206	0.939259	0.123687859625
0.953651	0.954074	0.133045924207
0.951111	0.957037	0.124559248487
0.954286	0.967407	0.116545257469
0.960635	0.951111	0.113848503679
0.958095	0.94963	0.107784971595
0.955556	0.954074	0.0938619847099
0.96	0.961481	0.103275603304
0.966349	0.945185	0.0976892436544
0.958095	0.962963	0.105545795212
0.953016	0.974815	0.102935276926
0.960635	0.965926	0.102097105235
0.965079	0.958519	0.104321107268
0.958095	0.955556	0.100330162793
0.954921	0.965926	0.105944812298
0.965079	0.954074	0.112271862725
0.936508	0.931852	0.118361694117
0.944127	0.94963	0.128391079605
0.954921	0.943704	0.120013654232
0.953016	0.954074	0.111681829517
0.907302	0.914074	0.193344702323
0.905397	0.908148	0.169764459133
0.938413	0.951111	0.189392834902
0.940952	0.936296	0.120453779896
0.938413	0.924444	0.128174518545
0.934603	0.940741	0.132732233653
0.949206	0.942222	0.115589483331
0.954921	0.958519	0.118849482387
0.952381	0.962963	0.116161161413
0.951746	0.97037	0.126503764341
0.966349	0.954074	0.0932707767934
0.960635	0.952593	0.10163545236
0.958095	0.964444	0.10224949941
0.96254	0.954074	0.090164396291
0.963175	0.964444	0.0932936836034
0.961905	0.965926	0.0963918132087
0.968254	0.94963	0.099361076951
0.96381	0.96	0.0900785513222
0.965079	0.96	0.0974613589545
0.968254	0.94963	0.0880687522391
0.958095	0.977778	0.0983846833309
0.965079	0.964444	0.0863424396763
0.970159	0.94963	0.0910198738178
0.96381	0.964444	0.0929788568368
0.966984	0.962963	0.0955916990836
0.96127	0.96	0.094080992043
0.958095	0.967407	0.0948067729672
0.96127	0.965926	0.0856693517417
0.960635	0.958519	0.102599009871
0.960635	0.962963	0.0986288102965
0.96	0.952593	0.0900501149396
0.965079	0.968889	0.0928273970882
0.966984	0.968889	0.102637348076
0.966349	0.967407	0.0805544511726
0.961905	0.964444	0.0927751262983
0.972698	0.954074	0.0735039763773
0.96381	0.97037	0.0899750987689
0.966349	0.958519	0.0841107976933
0.968889	0.96	0.083837347726
0.968254	0.965926	0.0882817618549
0.966984	0.958519	0.0904967344056
0.96254	0.965926	0.0967025930683
0.96381	0.954074	0.0926314505438
0.970794	0.952593	0.0917479470372
0.966349	0.96	0.081878469636
0.945397	0.939259	0.0982303184768
0.935238	0.957037	0.110429673145
0.910476	0.942222	0.182185693334
0.930794	0.939259	0.214333750308
0.935873	0.927407	0.194528614481
0.935238	0.939259	0.147656853
0.948571	0.934815	0.140362218022
0.950476	0.93037	0.141722111652
0.951746	0.939259	0.12686049069
0.954286	0.943704	0.121862353136
0.953016	0.961481	0.108937114477
0.953016	0.961481	0.107876069844
0.955556	0.964444	0.10723704348
0.959365	0.961481	0.0994272232056
0.958095	0.968889	0.0991806735595
0.960635	0.965926	0.0998774394393
0.965714	0.958519	0.0849296910067
0.967619	0.962963	0.0942670963705
0.965714	0.967407	0.087726611644
0.96127	0.968889	0.101044570406
0.96127	0.96	0.0979047243794
0.965079	0.964444	0.0937574952841
0.966984	0.967407	0.0964556497832
0.968889	0.964444	0.0833857084314
0.970159	0.967407	0.0845492966473
0.965714	0.961481	0.082858265688
0.968254	0.965926	0.080620440344
0.971429	0.964444	0.0825369233886
0.968889	0.964444	0.0791357516622
0.968254	0.967407	0.0840159406265
0.967619	0.955556	0.0864936249952
0.966349	0.962963	0.0764132620146
0.965714	0.982222	0.0951786525548
0.967619	0.973333	0.0814958618333
0.961905	0.958519	0.0829700864851
0.965714	0.968889	0.0771116657803
0.966984	0.974815	0.0873468567928
0.954921	0.958519	0.0961225467424
0.945397	0.927407	0.111193456997
0.959365	0.958519	0.113075005511
0.95873	0.961481	0.101292870939
0.960635	0.96	0.0890831102928
0.954286	0.961481	0.0989124085754
0.96127	0.962963	0.0960708173613
0.970794	0.96	0.0839691205571
0.961905	0.962963	0.0853659448524
0.966984	0.958519	0.0871522755673
0.965079	0.964444	0.0898921092351
0.970794	0.965926	0.0773424158494
0.969524	0.974815	0.0829139128327
0.966984	0.979259	0.0881760145227
0.970794	0.97037	0.0767385518799
0.972063	0.967407	0.0701687466353
0.971429	0.973333	0.0834433846176
0.970159	0.980741	0.0893018891414
0.973968	0.967407	0.0767175716658
0.972698	0.96	0.0674113671606
0.967619	0.97037	0.0803926996887
0.969524	0.971852	0.0775838190069
0.971429	0.968889	0.0803492690126
0.971429	0.964444	0.0824413523078
0.964444	0.977778	0.0807680021971
0.968254	0.973333	0.0828417328497
0.970159	0.97037	0.0796501282603
0.970159	0.974815	0.0766996815801
0.96254	0.971852	0.0838783079137
0.965079	0.974815	0.0853897972653
0.965079	0.965926	0.0765167288482
0.969524	0.976296	0.0772653991977
0.972063	0.974815	0.0823519999782
0.972698	0.97037	0.0813880153
0.972698	0.967407	0.0687715293219
0.971429	0.980741	0.0896656333158
0.958095	0.967407	0.0931116864085
0.971429	0.967407	0.0898573528975
0.935873	0.936296	0.0888062305748
0.928254	0.915556	0.110744052877
0.961905	0.964444	0.133916396648
0.944762	0.955556	0.151886602243
0.95873	0.962963	0.135421846062
0.942857	0.946667	0.112012758851
0.960635	0.964444	0.104111866405
0.968254	0.962963	0.0988924478491
0.965714	0.957037	0.0815077635149
0.969524	0.971852	0.0862356927246
0.972063	0.961481	0.0757036687185
0.965714	0.976296	0.0766463639836
0.970794	0.968889	0.0748412869871
0.972698	0.97037	0.077911813433
0.970794	0.97037	0.0696400739253
0.966984	0.979259	0.0903359949589
0.970794	0.973333	0.0770321811239
0.975873	0.961481	0.07214797164
0.967619	0.967407	0.075894660006
0.974603	0.968889	0.0761972100784
0.969524	0.968889	0.0702511885514
0.965714	0.958519	0.0693027473365
0.972698	0.968889	0.0708565295984
0.973968	0.97037	0.0629988244424
0.975238	0.971852	0.0723196429511
0.968889	0.957037	0.0678633892288
0.966349	0.967407	0.0817723274231
0.979048	0.955556	0.0743608747919
0.973968	0.97037	0.0638073800753
0.966349	0.973333	0.0838230190178
0.963175	0.97037	0.0973973944783
0.972063	0.968889	0.0880482799063
0.970159	0.973333	0.0819203089923
0.968889	0.979259	0.0763017789771
0.969524	0.973333	0.0761712286621
0.974603	0.967407	0.06727520066
0.972063	0.97037	0.0704316360255
0.966349	0.965926	0.0647521205246
0.976508	0.968889	0.0670619209607
0.971429	0.961481	0.0704903441171
0.966984	0.971852	0.0719584139685
0.973333	0.971852	0.0732174497098
0.967619	0.955556	0.071106152609
0.975238	0.973333	0.0729329374929
0.964444	0.967407	0.0660320346554
0.970794	0.976296	0.0656383577734
0.974603	0.977778	0.066503906933
0.977778	0.974815	0.059403097257
0.977143	0.974815	0.0622875262052
0.971429	0.979259	0.0634527426834
0.972698	0.974815	0.0648349088927
0.966349	0.957037	0.0674077651153
0.966984	0.971852	0.08375948295
0.964444	0.943704	0.0923470457395
0.966349	0.971852	0.103240544597
0.938413	0.957037	0.0978756093731
0.942857	0.922963	0.113058303793
0.955556	0.968889	0.0976133781175
0.966984	0.973333	0.0843507573009
0.971429	0.974815	0.10278396681
0.972063	0.97037	0.084367154787
0.974603	0.967407	0.0754385814071
0.975873	0.955556	0.0682856993129
0.972063	0.97037	0.0680953833895
0.975873	0.971852	0.0636683317522
0.975873	0.976296	0.0723412049313
0.976508	0.974815	0.0626086493333
0.974603	0.980741	0.0669665460785
0.976508	0.971852	0.0621144026518
0.979048	0.961481	0.0637432622413
0.973333	0.979259	0.0651184357703
0.975238	0.982222	0.068114105612
0.975873	0.971852	0.0623982915034
0.974603	0.964444	0.0651280917227
0.976508	0.971852	0.0640945564955
0.975873	0.982222	0.0617077692101
0.980952	0.973333	0.0687901303172
0.979683	0.979259	0.0584457448373
0.977143	0.980741	0.062733149156
0.979048	0.973333	0.0572520035009
0.979048	0.973333	0.0555997372915
0.972063	0.979259	0.0582692883909
0.974603	0.971852	0.0632808798303
0.965079	0.971852	0.0851144976914
0.973333	0.974815	0.0938826749722
0.972698	0.971852	0.0747121404856
0.968889	0.946667	0.0797861777246
0.968889	0.968889	0.0822084831695
0.972698	0.983704	0.0763897895813
0.976508	0.974815	0.0706654209644
0.976508	0.965926	0.060732971256
0.972698	0.97037	0.0673427454506
0.979683	0.971852	0.0582907963544
0.975238	0.982222	0.0634024261187
0.979048	0.979259	0.0587385371327
0.977778	0.980741	0.0618859436363
0.980952	0.97037	0.0500661283731
0.980317	0.977778	0.0499719933917
0.980317	0.971852	0.0556679082414
0.975873	0.980741	0.0804473279665
0.982857	0.967407	0.0576430490861
0.974603	0.971852	0.0575130898505
0.973333	0.977778	0.0660448241979
0.976508	0.977778	0.0559579196076
0.981587	0.97037	0.0542267486453
0.978413	0.977778	0.0589097496122
0.978413	0.983704	0.0544393106053
0.980317	0.977778	0.0603814764569
0.982857	0.974815	0.0576346920182
0.979048	0.983704	0.0633390663813
0.980317	0.977778	0.054228241245
0.977143	0.97037	0.0480180497592
0.977143	0.967407	0.064090596512
0.980317	0.982222	0.0590438271562
0.982857	0.977778	0.0540504045784
0.980952	0.973333	0.0594381323705
0.975238	0.965926	0.045276754691
0.980317	0.973333	0.0591485692809
0.904127	0.92	0.118834910914
0.939683	0.939259	0.173061578224
0.96	0.943704	0.12394037346
0.963175	0.973333	0.118441229065
0.970794	0.979259	0.0874390701453
0.970794	0.976296	0.0649265454461
0.972063	0.980741	0.0774772558361
0.977778	0.974815	0.0654233948638
0.973333	0.985185	0.0626631795118
0.979683	0.973333	0.0536926068986
0.979048	0.979259	0.0613098721951
0.981587	0.97037	0.0515913621833
0.977778	0.977778	0.0514670982957
0.980317	0.983704	0.056009274597
0.982857	0.976296	0.046027436542
0.979683	0.974815	0.0462205149233
0.980952	0.982222	0.0571199903886
0.977778	0.988148	0.0591828972101
0.979048	0.985185	0.0643601727982
0.973333	0.974815	0.0504660482208
0.966984	0.957037	0.0793357752264
0.975873	0.971852	0.0714027341455
0.975238	0.976296	0.0751731786877
0.978413	0.985185	0.061635794118
0.980952	0.973333	0.0544021117191
0.979683	0.982222	0.0528832059354
0.977143	0.976296	0.0517662937442
0.982857	0.977778	0.0528701872875
0.983492	0.977778	0.0466385918359
0.980317	0.980741	0.0554435607046
0.980952	0.985185	0.0519709214568
0.979683	0.985185	0.0512573861827
0.982222	0.979259	0.0469497467081
0.984127	0.974815	0.044677151988
0.983492	0.979259	0.048885216626
0.982857	0.982222	0.0495996115108
0.982857	0.979259	0.060305369397
0.984127	0.977778	0.0439792776791
0.981587	0.982222	0.0473732681324
0.983492	0.982222	0.0513766749452
0.979048	0.97037	0.0461735061059
0.976508	0.979259	0.0505656090875
0.979683	0.985185	0.0531576244781
0.984127	0.979259	0.0553993408879
0.978413	0.977778	0.039042699306
0.964444	0.94963	0.0794834767779
0.968254	0.974815	0.0837412147472
0.973968	0.965926	0.062280414626
0.975873	0.973333	0.0605077358584
0.976508	0.97037	0.0556163303554
0.973968	0.964444	0.0597217163692
0.970794	0.968889	0.065401788801
0.985397	0.976296	0.0630182189246
0.983492	0.977778	0.0533469878137
0.977778	0.988148	0.0570463736852
0.978413	0.974815	0.0554267593349
0.984762	0.986667	0.048456163456
0.986667	0.977778	0.037223784253
0.988571	0.974815	0.0429813585555
0.981587	0.982222	0.0468994509429
0.989206	0.971852	0.0399908507243
0.982222	0.986667	0.0494427029043
0.984127	0.976296	0.0429163643469
0.983492	0.977778	0.0470230163385
0.986032	0.974815	0.0422170041129
0.984762	0.980741	0.0460723980019
0.984127	0.991111	0.0449947047358
0.982222	0.983704	0.0438856494923
0.981587	0.977778	0.0468143038452
0.981587	0.976296	0.0529920496047
0.975238	0.974815	0.0438995671769
0.982222	0.988148	0.0587817691267
0.980952	0.983704	0.0461007865767
0.977143	0.985185	0.045468720297
0.982857	0.98963	0.0483302390203
0.988571	0.973333	0.039439581645
0.983492	0.980741	0.0377400297051
0.986667	0.983704	0.0433214626585
0.984762	0.980741	0.0409330191712
0.971429	0.964444	0.0538927875459
0.980317	0.986667	0.0505192593361
0.980952	0.986667	0.0506976358593
0.984127	0.979259	0.0468910982211
0.985397	0.97037	0.0457290826986
0.979683	0.974815	0.0491846573229
0.980317	0.977778	0.054298584039
0.982857	0.980741	0.0490809828043
0.977143	0.973333	0.0524423513561
0.984127	0.983704	0.0506115145981
0.981587	0.971852	0.0496379733086
0.986667	0.985185	0.0507910953214
0.984762	0.977778	0.0386703555317
0.984762	0.974815	0.0425247624516
0.986032	0.974815	0.0401852537567
0.979048	0.982222	0.0433007987837
0.982222	0.992593	0.0517946916322
0.989206	0.967407	0.0355764674023
0.961905	0.968889	0.0660673081875
0.972063	0.971852	0.0788795202971
0.978413	0.976296	0.056687971577
0.966984	0.971852	0.0609719231725
0.972063	0.968889	0.0699368659407
0.980952	0.988148	0.0626354745279
0.979048	0.980741	0.0725566248099
0.979683	0.962963	0.0548551132282
0.980317	0.976296	0.0644565122202
0.977143	0.974815	0.0543786349396
0.973333	0.961481	0.0615765787661
0.976508	0.979259	0.0536236067613
0.976508	0.979259	0.0616524688279
0.982857	0.982222	0.0544591285288
0.981587	0.985185	0.0477611503253
0.989206	0.976296	0.0473079035679
0.986032	0.98963	0.0500382836908
0.982857	0.991111	0.050319371745
0.982857	0.992593	0.0469752196223
0.984127	0.985185	0.0393180303896
0.970794	0.968889	0.0507464663436
0.981587	0.988148	0.0654751596351
0.987936	0.979259	0.0553160455699
0.984127	0.986667	0.0417464530716
0.980317	0.992593	0.0481119165197
0.989206	0.976296	0.0316724668567
0.985397	0.982222	0.0480088734378
0.982857	0.986667	0.049123113354
0.990476	0.971852	0.0354492164527
0.980952	0.992593	0.048154487585
0.987302	0.974815	0.040641999493
0.966984	0.957037	0.0531591065228
0.975873	0.979259	0.0551300800095
0.981587	0.968889	0.0376018842993
0.985397	0.979259	0.0430242652074
0.979683	0.982222	0.0528223148237
0.975873	0.97037	0.0607153046876
0.963175	0.967407	0.103795492401
0.968889	0.97037	0.135429527611
0.965714	0.965926	0.0902706148724
0.969524	0.980741	0.0972957499325
0.973968	0.974815	0.0648716862003
0.974603	0.973333	0.0635142177343
0.979048	0.983704	0.058060195297
0.979683	0.982222	0.0599216042707
0.980952	0.982222	0.0559582288067
0.982222	0.980741	0.0529763388137
0.976508	0.979259	0.0496205600599
0.980952	0.979259	0.0554898316041
0.982222	0.982222	0.0523288697004
0.983492	0.982222	0.040348113204
0.983492	0.980741	0.0441012848169
0.983492	0.986667	0.0484951613471
0.985397	0.986667	0.0505302498738
0.983492	0.985185	0.0458251133872
0.985397	0.98963	0.0453115087003
0.984127	0.979259	0.040614011387
0.987936	0.979259	0.0387411735331
0.987302	0.982222	0.0369775667787
0.982222	0.992593	0.0412217603686
0.987936	0.986667	0.039553043743
0.984762	0.988148	0.0473812688142
0.986032	0.982222	0.0349985013405
0.987936	0.985185	0.0369078846027
0.987936	0.980741	0.0349401300773
0.986667	0.983704	0.0417643391217
0.985397	0.98963	0.0417436938733
0.980952	0.982222	0.0429509812966
0.984762	0.983704	0.0337962407308
0.985397	0.98963	0.0532077693691
0.981587	0.977778	0.0422315097724
0.976508	0.974815	0.04441108834
0.982857	0.973333	0.0495879569401
0.985397	0.983704	0.0438271878908
0.983492	0.983704	0.0361157689864
0.986667	0.98963	0.0444141154488
0.986667	0.988148	0.0410273087521
0.989841	0.985185	0.0394892860204
0.987936	0.985185	0.0341564683865
0.987302	0.98963	0.0391559440953
0.986032	0.980741	0.0400238263731
0.986032	0.983704	0.0370686749617
0.983492	0.985185	0.0481019293269
0.982222	0.985185	0.0473792310804
0.988571	0.980741	0.0382734931385
0.986667	0.983704	0.0399929157769
0.988571	0.985185	0.0340452985838
0.990476	0.980741	0.0356508555512
0.987936	0.983704	0.033104796273
0.987302	0.986667	0.035922001116
0.990476	0.983704	0.0296411233333
0.988571	0.988148	0.0293050166219
0.989206	0.982222	0.0377308931202
0.985397	0.992593	0.032788439809
0.982222	0.983704	0.0392253560325
0.986667	0.977778	0.032052621711
0.987302	0.988148	0.0345125660921
0.986667	0.986667	0.034563926359
0.987936	0.986667	0.0324649910132
0.982857	0.991111	0.034472699898
0.986032	0.977778	0.038595323218
0.986032	0.985185	0.0326391697551
0.984127	0.985185	0.0299293646822
0.979683	0.979259	0.0432437425479
0.984127	0.979259	0.0501124033084
0.975873	0.973333	0.0423704761391
0.963175	0.967407	0.0584517400712
0.984127	0.974815	0.0506793672685
0.967619	0.964444	0.0943423422674
0.966349	0.96	0.0813695092996
0.976508	0.964444	0.117421209191
0.976508	0.965926	0.0983845951657
0.971429	0.958519	0.068984006842
0.979048	0.985185	0.0693586415922
0.983492	0.979259	0.0551863132666
0.986032	0.98963	0.0503543109323
0.985397	0.982222	0.0456993641953
0.979048	0.991111	0.0516680261741
0.988571	0.976296	0.0449665198103
0.982222	0.997037	0.0445650794233
0.986032	0.979259	0.0381235415116
0.982222	0.994074	0.0522757666185
0.987302	0.98963	0.0369710108886
0.986667	0.992593	0.044393243889
0.987936	0.985185	0.0489654317498
0.991111	0.982222	0.034149371398
0.988571	0.983704	0.0350727296124
0.986032	0.992593	0.035646625484
0.990476	0.985185	0.032795758297
0.987302	0.98963	0.0356845691179
0.991111	0.983704	0.0351849477738
0.984762	0.992593	0.0336767323315
0.992381	0.977778	0.0302898076673
0.984127	0.985185	0.0353255623486
0.985397	0.988148	0.0382724817221
0.983492	0.98963	0.0338141373359
0.982222	0.973333	0.0384627232949
0.981587	0.979259	0.039981592757
0.986032	0.980741	0.0365012629579
0.987936	0.98963	0.0406652341286
0.983492	0.995556	0.0362138285612
0.991111	0.982222	0.0333364450683
0.989841	0.980741	0.0320404889062
0.991111	0.980741	0.034860366645
0.989206	0.98963	0.033926547505
0.987302	0.988148	0.0300242177521
0.987302	0.986667	0.034147641932
0.986032	0.988148	0.0317376079038
0.987936	0.986667	0.0333024046073
0.987936	0.98963	0.029694176279
0.989206	0.983704	0.0270110842151
0.989841	0.985185	0.0304614814619
0.987936	0.991111	0.0350872461374
0.989841	0.985185	0.0321542962144
0.989841	0.982222	0.0275284016194
0.984762	0.986667	0.0280037065968
0.987936	0.985185	0.0376942645138
0.973333	0.976296	0.0437296597908
0.982222	0.991111	0.0434560520419
0.984762	0.986667	0.0460292752832
0.986667	0.98963	0.0407635789985
0.989206	0.98963	0.0337490163123
0.988571	0.983704	0.0306971549677
0.987936	0.991111	0.0329968587806
0.989206	0.983704	0.0289440015331
0.986667	0.994074	0.0295501287716
0.988571	0.985185	0.0288381425974
0.984127	0.994074	0.043712100635
0.987302	0.991111	0.0341849407802
0.984762	0.98963	0.0346392923966
0.987936	0.991111	0.0285344817676
0.991111	0.986667	0.0340483328328
0.989206	0.985185	0.030826744313
0.987936	0.988148	0.0269720066184
0.988571	0.986667	0.0284836169643
0.988571	0.986667	0.0298781003803
0.991746	0.986667	0.0268821483478
0.992381	0.980741	0.0220543838417
0.989841	0.986667	0.032025180757
0.987302	0.991111	0.0309969345108
0.991746	0.982222	0.0249450706566
0.987302	0.992593	0.0300015596052
0.988571	0.988148	0.0314343192925
0.988571	0.988148	0.0250832781506
0.990476	0.977778	0.0250364711198
0.991746	0.979259	0.0258652719979
0.984762	0.986667	0.0316231378044
0.987936	0.983704	0.02617066664
0.985397	0.973333	0.0315516122306
0.985397	0.991111	0.0363142391822
0.990476	0.982222	0.0258019678295
0.989841	0.992593	0.0316347614862
0.986032	0.983704	0.0291554162589
0.982857	0.982222	0.039193325676
0.982857	0.985185	0.0475285978367
0.976508	0.965926	0.0482271549602
0.985397	0.98963	0.0523176497469
0.980317	0.985185	0.0334415615847
0.984762	0.980741	0.0413701282814
0.984127	0.977778	0.0462527908385
0.987302	0.992593	0.0395569062481
0.991746	0.983704	0.0259798141196
0.987936	0.988148	0.0320650065939
0.978413	0.976296	0.0455344996105
0.989206	0.97037	0.029709472321
0.984127	0.985185	0.0472457744181
0.989206	0.986667	0.0321522556866
0.987302	0.991111	0.0370020971944
0.986032	0.98963	0.0357749524216
0.986667	0.98963	0.0346529288217
0.988571	0.98963	0.038870060506
0.988571	0.986667	0.0285131513762
0.986032	0.991111	0.0381056262801
0.984762	0.982222	0.0318751993279
0.986667	0.991111	0.0337658418963
0.987302	0.994074	0.0265441449204
0.989841	0.983704	0.0251585201671
0.989841	0.986667	0.023629372629
0.989206	0.994074	0.0285626783346
0.992381	0.982222	0.0216093558508
0.991746	0.986667	0.0266658697898
0.987302	0.992593	0.027462505231
0.986032	0.985185	0.030038458916
0.986667	0.983704	0.0237503534493
0.985397	0.991111	0.0360059123486
0.955556	0.96	0.0653948544835
0.973968	0.964444	0.0948753853639
0.971429	0.973333	0.0530652528008
0.975238	0.976296	0.0625659500559
0.973333	0.974815	0.0596998576075
0.973333	0.971852	0.0707853585482
0.984127	0.982222	0.052123692818
0.986667	0.992593	0.0390192090223
0.984762	0.988148	0.0388856505354
0.982857	0.986667	0.0434799858679
0.985397	0.979259	0.0415475784491
0.987302	0.979259	0.032447658324
0.984762	0.994074	0.0404635621235
0.987302	0.985185	0.0268088470524
0.991111	0.985185	0.0355686095233
0.990476	0.985185	0.0291549364726
0.987302	0.991111	0.0374011412884
0.989841	0.982222	0.0329360753919
0.984127	0.986667	0.0328687566022
0.987936	0.973333	0.0310027429368
0.976508	0.974815	0.0418359652782
0.972063	0.983704	0.0397747534638
0.989841	0.982222	0.0371087063104
0.988571	0.992593	0.0317509750215
0.991111	0.980741	0.0282089315976
0.987936	0.992593	0.0331911888594
0.987302	0.992593	0.0375669108083
0.987936	0.98963	0.027204557322
0.991111	0.979259	0.021588431516
0.988571	0.994074	0.0312992905577
0.987936	0.992593	0.0385825573467
0.982222	0.985185	0.0359979619582
0.985397	0.980741	0.0451040336241
0.986032	0.98963	0.034012858135
0.987302	0.986667	0.0341806750124
0.987302	0.988148	0.0313364360482
0.987936	0.994074	0.0399530896296
0.991746	0.983704	0.0215474000822
0.990476	0.98963	0.0305374885599
0.986667	0.992593	0.0290512886519
0.989841	0.991111	0.0286265493681
0.989206	0.991111	0.0262986908977
0.992381	0.988148	0.025005348182
0.991111	0.994074	0.0360800595954
0.990476	0.98963	0.0242624497041
0.990476	0.988148	0.0273643151547
0.991111	0.991111	0.024780643483
0.990476	0.983704	0.0266837645322
0.987302	0.991111	0.0231427450975
0.989841	0.992593	0.0264157202716
0.991746	0.992593	0.0254692223777
0.991746	0.991111	0.0235042925924
0.990476	0.992593	0.0247136403341
0.990476	0.992593	0.0255650697897
0.991111	0.986667	0.0249053793959
0.991111	0.98963	0.0272291471871
0.991111	0.985185	0.0242256823306
0.990476	0.980741	0.0342168586018
0.992381	0.980741	0.0177644306483
0.992381	0.986667	0.0217636891951
0.991111	0.991111	0.0254063045916
0.993016	0.988148	0.0219000584524
0.989206	0.992593	0.0266095797221
0.991746	0.98963	0.0264293514192
0.989841	0.98963	0.0240203997431
0.989841	0.991111	0.026724253005
0.989206	0.986667	0.0295261694118
0.988571	0.992593	0.02823680453
0.989206	0.992593	0.0323004228994
0.991111	0.991111	0.0255901757628
0.987302	0.992593	0.029816572244
0.988571	0.991111	0.0312367902758
0.989841	0.988148	0.0312590356916
0.984762	0.982222	0.0283951004967
0.989206	0.988148	0.0283382049141
0.989841	0.98963	0.0269080993409
0.989206	0.991111	0.0265942774713
0.991746	0.98963	0.0208349685806
0.989841	0.991111	0.0264788217222
0.989206	0.991111	0.0232565132901
0.988571	0.986667	0.0278189289384
0.989206	0.992593	0.0295444993923
0.990476	0.991111	0.021871599524
0.991111	0.992593	0.0229705604725
0.989206	0.98963	0.0320937397579
0.973968	0.961481	0.0527962213382
0.969524	0.964444	0.101172573864
0.96381	0.97037	0.101706107457
0.984127	0.985185	0.106496247152
0.972698	0.958519	0.0739314928651
0.970794	0.961481	0.0624598730356
0.970794	0.971852	0.0628834168116
0.985397	0.985185	0.0535445564116
0.983492	0.983704	0.0571190783133
0.984762	0.976296	0.0442580590025
0.988571	0.988148	0.0412817051013
0.988571	0.988148	0.0369940248008
0.990476	0.976296	0.0279068937525
0.988571	0.994074	0.0363561504831
0.989841	0.992593	0.0401349163925
0.990476	0.986667	0.0331792545815
0.989841	0.986667	0.036295242918
