0.76381	0.74963	0.643711974223
0.80381	0.798519	0.501572981477
0.821587	0.820741	0.443402066827
0.83873	0.857778	0.39261265099
0.852698	0.859259	0.367082566023
0.858413	0.842963	0.367819860578
0.857143	0.851852	0.351651678483
0.854603	0.865185	0.363948012392
0.839365	0.848889	0.362644687295
0.868571	0.854815	0.353584940235
0.855238	0.865185	0.336933133503
0.864127	0.85037	0.349663386742
0.866032	0.847407	0.329725796978
0.873651	0.848889	0.341113110383
0.856508	0.862222	0.346217220028
0.873016	0.841482	0.323132753372
0.866032	0.860741	0.335353051623
0.862222	0.872593	0.334616228938
0.866667	0.863704	0.324149320523
0.875556	0.85037	0.309300047656
0.860317	0.871111	0.332060491045
0.866667	0.865185	0.325912271937
0.874921	0.863704	0.31948132813
0.873016	0.868148	0.327289953828
0.87619	0.866667	0.311400423447
0.871746	0.857778	0.33366766572
0.860317	0.865185	0.315140783787
0.869206	0.865185	0.327879632513
0.879365	0.857778	0.313831319412
0.87746	0.86963	0.331720431646
0.871746	0.88	0.313089432816
0.867302	0.878519	0.333473910888
0.869206	0.866667	0.317900538445
0.874286	0.865185	0.314240410924
0.857778	0.899259	0.339572012424
0.864127	0.862222	0.318215926488
0.883175	0.848889	0.300805270672
0.867936	0.885926	0.310431169967
0.866032	0.891852	0.327280317744
0.856508	0.875556	0.335669254263
0.878095	0.856296	0.308059041699
0.87619	0.86963	0.318227097392
0.863492	0.89037	0.320085739096
0.870476	0.872593	0.321607987086
0.866032	0.884444	0.320907259981
0.873016	0.885926	0.312270169457
0.88127	0.88	0.310120455921
0.874286	0.871111	0.312943617503
0.87873	0.877037	0.312787488103
0.88127	0.871111	0.303872880836
0.869206	0.860741	0.298364510139
0.866032	0.82963	0.311992108822
0.836825	0.844444	0.344334016244
0.865397	0.875556	0.304114972552
0.872381	0.88	0.315971677502
0.876825	0.884444	0.303743938605
0.87746	0.874074	0.303076778849
0.87873	0.871111	0.298663675785
0.88	0.866667	0.281347647309
0.88	0.882963	0.290775631865
0.871746	0.881481	0.293316600223
0.878095	0.887407	0.286664729317
0.874921	0.872593	0.29676407824
0.880635	0.866667	0.297318081061
0.869206	0.89037	0.331550096472
0.88381	0.862222	0.286108394464
0.888889	0.86963	0.281794836124
0.871746	0.860741	0.283327405651
0.873016	0.871111	0.269861375292
0.88127	0.877037	0.285848056277
0.874286	0.891852	0.300662572185
0.885714	0.872593	0.292705511053
0.879365	0.872593	0.287113539875
0.88254	0.881481	0.290442081789
0.88127	0.902222	0.299137502909
0.880635	0.896296	0.306433881323
0.888254	0.891852	0.290962206821
0.880635	0.882963	0.295060346524
0.888889	0.887407	0.299005173147
0.880635	0.877037	0.296038915714
0.890159	0.86963	0.284532994032
0.876825	0.874074	0.28038965414
0.88254	0.893333	0.293199042479
0.88127	0.884444	0.291512690485
0.881905	0.878519	0.280408809582
0.87873	0.893333	0.270284533501
0.892063	0.882963	0.26019903024
0.88127	0.887407	0.261737726629
0.888254	0.896296	0.283304442962
0.895238	0.86963	0.275604123871
0.887619	0.884444	0.286870956421
0.860317	0.891852	0.279521693786
0.896508	0.862222	0.255572294195
0.88254	0.894815	0.280851354202
0.88127	0.857778	0.27758171161
0.886984	0.887407	0.276350155473
0.897778	0.877037	0.26025724411
0.885079	0.899259	0.289560876787
0.891429	0.893333	0.269157921275
0.892063	0.868148	0.267207910617
0.885079	0.885926	0.277989134192
0.887619	0.900741	0.270289637148
0.887619	0.885926	0.263994281491
0.885714	0.912593	0.300895484785
0.88127	0.863704	0.260266664128
0.87746	0.893333	0.273225178321
0.892063	0.865185	0.256840025385
0.900317	0.887407	0.262902535498
0.893333	0.891852	0.25683674713
0.890159	0.894815	0.251745643715
0.884444	0.871111	0.269499381383
0.900952	0.878519	0.266616806388
0.889524	0.905185	0.252924397588
0.893333	0.885926	0.25545629859
0.898413	0.888889	0.243100685378
0.890159	0.89037	0.249563607077
0.898413	0.899259	0.26626551648
0.881905	0.872593	0.243569495777
0.891429	0.893333	0.282596689959
0.894603	0.89037	0.273047911624
0.896508	0.881481	0.25981452316
0.886984	0.908148	0.260683042308
0.899048	0.900741	0.254559728007
0.892063	0.903704	0.245713335772
0.887619	0.882963	0.247058508297
0.902222	0.894815	0.270119351645
0.886984	0.881481	0.250997930765
0.901587	0.888889	0.243331861993
0.898413	0.894815	0.25730954359
0.898413	0.887407	0.234291171034
0.893333	0.887407	0.257425248623
0.893968	0.896296	0.251413188875
0.888889	0.887407	0.269922335943
0.888889	0.912593	0.26182971398
0.904762	0.885926	0.251240216196
0.897778	0.891852	0.249783585469
0.899683	0.88	0.240065895021
0.903492	0.881481	0.233358321091
0.896508	0.912593	0.240209090213
0.908571	0.884444	0.233677280446
0.902857	0.905185	0.233246559898
0.896508	0.896296	0.239411654572
0.885714	0.853333	0.251036350926
0.895873	0.893333	0.259779738883
0.893333	0.899259	0.249530742566
0.899683	0.908148	0.245252283911
0.894603	0.896296	0.246427660187
0.907302	0.891852	0.22347193708
0.904762	0.896296	0.237433758875
0.895238	0.912593	0.244655355811
0.905397	0.897778	0.237835702797
0.905397	0.899259	0.245873811344
0.904127	0.903704	0.236909478903
0.907937	0.899259	0.243881468972
0.905397	0.911111	0.245741931101
0.911111	0.905185	0.220472544432
0.906032	0.90963	0.230077321331
0.898413	0.89037	0.223662987351
0.904762	0.915556	0.231405374904
0.913651	0.893333	0.203402503083
0.906032	0.906667	0.226231614749
0.903492	0.899259	0.225213853021
0.913651	0.896296	0.223709488908
0.916825	0.908148	0.215209235748
0.910476	0.902222	0.210826074084
0.91873	0.900741	0.200935994585
0.909841	0.922963	0.221099706988
0.908571	0.915556	0.219123500089
0.913651	0.914074	0.208879721661
0.900317	0.911111	0.208408570538
0.91873	0.893333	0.20192531993
0.914286	0.914074	0.215493669113
0.913651	0.902222	0.18874428918
0.92	0.924444	0.197951631
0.910476	0.918519	0.213252753019
0.910476	0.918519	0.197524309158
0.92254	0.914074	0.21734101822
0.91746	0.908148	0.209066204727
0.921905	0.917037	0.195179698368
0.91873	0.90963	0.201410134633
0.916191	0.908148	0.201383970678
0.901587	0.905185	0.223876195649
0.902857	0.902222	0.235475855569
0.899683	0.88	0.214048626522
0.911111	0.899259	0.214526258409
0.918095	0.924444	0.224608317018
0.911746	0.92	0.212359033525
0.924444	0.918519	0.20959165444
0.91873	0.905185	0.188530045251
0.92	0.918519	0.208970894416
0.92127	0.931852	0.208486018082
0.918095	0.905185	0.190690728525
0.910476	0.921481	0.201623330514
0.916825	0.925926	0.214936226606
0.91746	0.921481	0.209384510914
0.925714	0.912593	0.189215732117
0.913651	0.931852	0.195408155521
0.918095	0.928889	0.202350080013
0.928254	0.90963	0.192940113445
0.923175	0.900741	0.196923285723
0.923175	0.908148	0.200671431919
0.92	0.92	0.199590904017
0.913651	0.921481	0.207020642857
0.915556	0.912593	0.198317187528
0.913651	0.927407	0.208735999962
0.92254	0.90963	0.192555176715
0.92254	0.924444	0.190432635446
0.928254	0.922963	0.188036116461
0.920635	0.90963	0.185194164515
0.928254	0.915556	0.197931133211
0.931429	0.911111	0.187287422518
0.909841	0.912593	0.191111860176
0.931429	0.914074	0.177659511566
0.929524	0.925926	0.174764928718
0.923175	0.937778	0.186470183233
0.925714	0.92	0.190171996752
0.92127	0.936296	0.178083465745
0.935238	0.911111	0.169931285083
0.914921	0.918519	0.195066129168
0.928889	0.912593	0.175569539269
0.926984	0.945185	0.178793174525
0.930159	0.931852	0.183605996271
0.930159	0.922963	0.170714435478
0.926984	0.936296	0.184818180899
0.930159	0.931852	0.17925332735
0.935238	0.918519	0.160731260975
0.942222	0.928889	0.163397801419
0.929524	0.922963	0.177038997412
0.940317	0.917037	0.150575331102
0.924444	0.954074	0.182949977616
0.934603	0.934815	0.168970403572
0.927619	0.945185	0.163565345109
0.939048	0.945185	0.158688629667
0.938413	0.92	0.151038343708
0.940317	0.924444	0.159803842505
0.935238	0.934815	0.161235367258
0.944127	0.927407	0.150731874009
0.933333	0.937778	0.168715171516
0.933333	0.924444	0.157007983575
0.937143	0.90963	0.149771042168
0.940317	0.92	0.155960475405
0.944762	0.933333	0.163276361922
0.930159	0.942222	0.170217675467
0.923175	0.933333	0.161802463233
0.913016	0.915556	0.159813807656
0.925079	0.937778	0.182114499311
0.923175	0.94963	0.166530470053
0.933333	0.943704	0.167021383842
0.937143	0.934815	0.162002322574
0.943492	0.931852	0.158324298759
0.935238	0.948148	0.155772349487
0.927619	0.93037	0.143865237633
0.926984	0.924444	0.160658165812
0.937778	0.921481	0.157228399068
0.932698	0.957037	0.15602666388
0.939048	0.927407	0.139534687002
0.897143	0.89037	0.181102596223
0.926984	0.921481	0.179476194084
0.939048	0.928889	0.167349760731
0.930794	0.918519	0.145106782516
0.926349	0.925926	0.162880474081
0.939048	0.945185	0.168414153159
0.935873	0.917037	0.156542030474
0.928254	0.948148	0.176816612482
0.939048	0.924444	0.144124166419
0.937778	0.954074	0.156086196502
0.950476	0.939259	0.139860683431
0.946667	0.939259	0.127288322896
0.944127	0.948148	0.141921429584
0.949841	0.942222	0.13981106629
0.946667	0.942222	0.118307641397
0.939683	0.937778	0.13254699111
0.935873	0.927407	0.134444796791
0.929524	0.917037	0.144391266008
0.945397	0.92	0.153806364785
0.918095	0.918519	0.145184402665
0.925079	0.912593	0.160074504713
0.923175	0.933333	0.182820779582
0.936508	0.927407	0.167760290205
0.933333	0.921481	0.147541388869
0.932698	0.934815	0.159499384463
0.950476	0.934815	0.144480593503
0.944762	0.948148	0.145342556139
0.936508	0.940741	0.140646594266
0.944762	0.943704	0.146546859294
0.942222	0.954074	0.141855632265
0.948571	0.94963	0.125780049711
0.947302	0.939259	0.141578386227
0.944127	0.945185	0.119118060917
0.953016	0.940741	0.133997752021
0.951111	0.945185	0.129318362723
0.951111	0.939259	0.127980586141
0.951111	0.955556	0.131326725086
0.947302	0.931852	0.117218104502
0.952381	0.951111	0.133608942231
0.951746	0.940741	0.114153239876
0.941587	0.937778	0.114965147028
0.940317	0.948148	0.17405415078
0.943492	0.922963	0.149277210236
0.930794	0.952593	0.158075322707
0.935238	0.943704	0.141388962666
0.946032	0.96	0.147039078176
0.946667	0.934815	0.127635819217
0.95746	0.939259	0.124014017483
0.95746	0.951111	0.121517326683
0.942857	0.951111	0.128268141299
0.947302	0.951111	0.127374614278
0.944762	0.946667	0.122107129544
0.940952	0.943704	0.119359770169
0.949841	0.951111	0.11658192426
0.947937	0.951111	0.130209663262
0.952381	0.948148	0.143146152298
0.931429	0.937778	0.156217463315
0.945397	0.951111	0.14112849161
0.943492	0.946667	0.141620236139
0.939683	0.93037	0.135357660552
0.946032	0.946667	0.130780210098
0.951111	0.952593	0.136089958251
0.953651	0.945185	0.112218223512
0.954921	0.948148	0.116204235703
0.951746	0.955556	0.122926197946
0.949206	0.945185	0.112446876864
0.959365	0.936296	0.123295661062
0.96254	0.946667	0.10572692131
0.96127	0.948148	0.107111938298
0.955556	0.973333	0.112594757229
0.959365	0.943704	0.100921127945
0.95619	0.958519	0.108573701233
0.96254	0.955556	0.104283025488
0.95873	0.958519	0.118252913157
0.956825	0.948148	0.11036511759
0.954921	0.967407	0.112205759933
0.954921	0.954074	0.109383103748
0.96	0.957037	0.118773245563
0.961905	0.948148	0.107312858105
0.95873	0.957037	0.102766743551
0.963175	0.965926	0.118038021028
0.965079	0.961481	0.106512489418
0.96127	0.958519	0.100962599739
0.959365	0.968889	0.102293985585
0.953016	0.943704	0.0985815127691
0.96	0.951111	0.108929989239
0.944127	0.952593	0.124432856838
0.940317	0.93037	0.142632989834
0.949206	0.962963	0.145246117065
0.948571	0.943704	0.153371326625
0.955556	0.940741	0.136396574477
0.947302	0.96	0.135285583635
0.955556	0.958519	0.113524134581
0.955556	0.964444	0.113464144369
0.96127	0.94963	0.110394308964
0.956825	0.961481	0.115110866725
0.968889	0.952593	0.100029579053
0.96	0.967407	0.0999003710846
0.96381	0.958519	0.114419390758
0.966349	0.962963	0.101227441182
0.965079	0.982222	0.109253685921
0.963175	0.965926	0.0943392155071
0.973333	0.962963	0.0833303295076
0.960635	0.958519	0.0937796086073
0.966984	0.962963	0.0836866945028
0.973968	0.951111	0.0860914414128
0.954921	0.955556	0.107786661635
0.955556	0.971852	0.115803696215
0.956825	0.958519	0.107512862732
0.933333	0.945185	0.104326999436
0.949841	0.951111	0.0985785343995
0.95873	0.957037	0.0987039978305
0.973333	0.954074	0.0915470110873
0.951746	0.948148	0.0948191521068
0.953016	0.945185	0.114552242061
0.965079	0.965926	0.118393003941
0.95746	0.955556	0.0996954776347
0.960635	0.97037	0.101641371225
0.966349	0.967407	0.104459453374
0.965714	0.957037	0.0982133224607
0.966984	0.965926	0.0898719926675
0.970159	0.968889	0.0923600563159
0.943492	0.948148	0.106584495554
0.95873	0.954074	0.109842002392
0.946032	0.952593	0.101720376561
0.970159	0.957037	0.116876208534
0.956825	0.946667	0.11077285558
0.96254	0.94963	0.121457134684
0.961905	0.954074	0.107576927791
0.947302	0.936296	0.111212369055
0.964444	0.964444	0.105642388264
0.958095	0.964444	0.0951344420513
0.965714	0.967407	0.104531792303
0.969524	0.961481	0.103676233441
0.966984	0.973333	0.0884169662992
0.977143	0.967407	0.0847314645847
0.972698	0.965926	0.0727555938065
0.975873	0.968889	0.0791539823016
0.976508	0.965926	0.0703768779834
0.975238	0.967407	0.0831462517381
0.977143	0.971852	0.0752796748032
0.975238	0.974815	0.0736800332864
0.972698	0.977778	0.0794047918171
0.966349	0.97037	0.0741709861904
0.972698	0.97037	0.0834941690167
0.973333	0.976296	0.073484968394
0.979048	0.97037	0.0633078397562
0.975238	0.967407	0.0786026405791
0.971429	0.968889	0.0788077407827
0.972063	0.982222	0.0799564545353
0.976508	0.965926	0.0683709743122
0.973968	0.958519	0.066881718114
0.969524	0.97037	0.0772373192012
0.956825	0.946667	0.0775642792384
0.970159	0.965926	0.0796095194916
0.975238	0.976296	0.087264560163
0.971429	0.971852	0.0796449060241
0.977143	0.967407	0.0610966427873
0.977143	0.979259	0.0714656555404
0.972698	0.982222	0.0690051453809
0.979048	0.977778	0.0775139033794
0.968254	0.967407	0.0597618936251
0.971429	0.979259	0.0760074481368
0.979683	0.968889	0.0557389917473
0.973333	0.976296	0.0620034237703
0.976508	0.976296	0.0628169017533
0.979048	0.973333	0.0694645059605
0.974603	0.973333	0.0660073229422
0.978413	0.977778	0.0749945857873
0.979683	0.983704	0.0567416461806
0.975873	0.968889	0.0716345800708
0.975238	0.967407	0.0644525988027
0.975238	0.976296	0.0718616203715
0.96254	0.961481	0.0741236197452
0.971429	0.976296	0.0788750474652
0.975238	0.982222	0.0739720445126
0.975873	0.973333	0.0751359580706
0.977778	0.965926	0.0699457420657
0.981587	0.973333	0.0714223906398
0.973968	0.971852	0.0657075258593
0.972063	0.982222	0.0712115727365
0.975238	0.982222	0.0669876411557
0.981587	0.971852	0.0534100886434
0.983492	0.971852	0.0488695267898
0.972698	0.973333	0.056848998492
0.969524	0.96	0.0628551533446
0.971429	0.971852	0.0710302172229
0.978413	0.983704	0.0610044632728
0.980317	0.977778	0.057046674192
0.976508	0.973333	0.0526100005955
0.977143	0.977778	0.0589074958116
0.979048	0.983704	0.0533948314066
0.973333	0.968889	0.0618585019062
0.973333	0.973333	0.0615229159594
0.96254	0.97037	0.0828309096396
0.963175	0.954074	0.093504841129
0.966984	0.954074	0.101912887146
0.973333	0.954074	0.0891168328623
0.968889	0.954074	0.0950711679955
0.968254	0.971852	0.103624649967
0.960635	0.958519	0.0812447555363
0.965079	0.957037	0.0762737638627
0.947937	0.937778	0.155415537457
0.95873	0.955556	0.121024151643
0.964444	0.958519	0.100420903414
0.973968	0.973333	0.095928715542
0.973333	0.979259	0.0788117138048
0.976508	0.974815	0.0673153940588
0.979048	0.971852	0.0611270094911
0.972063	0.961481	0.0726509460558
0.970159	0.977778	0.0670089206348
0.970794	0.976296	0.0665666355441
0.975238	0.985185	0.0599839774271
0.981587	0.977778	0.0652474115292
0.981587	0.977778	0.0542419484506
0.980317	0.977778	0.0484732836485
0.978413	0.977778	0.0529987184952
0.981587	0.98963	0.0558080157886
0.980317	0.980741	0.0687534275154
0.982857	0.968889	0.0548548487326
0.971429	0.971852	0.0548238152017
0.975238	0.973333	0.0642480806758
0.980952	0.982222	0.0674512718494
0.976508	0.976296	0.061483570685
0.977143	0.974815	0.0624605504175
0.980317	0.982222	0.0581508763134
0.974603	0.980741	0.049256026124
0.982857	0.982222	0.0544261119018
0.984762	0.983704	0.045061802802
0.985397	0.982222	0.0439310123523
0.982222	0.986667	0.050475175182
0.983492	0.979259	0.0452534028639
0.980952	0.976296	0.0420086191346
0.981587	0.983704	0.048294932271
0.983492	0.982222	0.0435479752099
0.983492	0.976296	0.0435490536814
0.986667	0.986667	0.0459350883806
0.986032	0.979259	0.0518190879375
0.979683	0.983704	0.0563123176495
0.984762	0.979259	0.049189472571
0.982857	0.982222	0.0436153079694
0.971429	0.974815	0.0890858812879
0.980952	0.974815	0.0710986722261
0.972698	0.951111	0.0799970297764
0.971429	0.961481	0.0845995967587
0.964444	0.96	0.0743651868155
0.935873	0.927407	0.133897441129
0.980317	0.974815	0.107816634079
0.954921	0.976296	0.145173824082
0.965079	0.957037	0.116950213909
0.977143	0.971852	0.0910272300243
0.972063	0.97037	0.0727112290139
0.973968	0.974815	0.0674682824562
0.974603	0.988148	0.072262669603
0.983492	0.968889	0.0558583258341
0.981587	0.982222	0.0606654646496
0.984127	0.977778	0.0453139264137
0.984127	0.976296	0.0497919445237
0.982857	0.985185	0.0519751068205
0.985397	0.983704	0.0464108983676
0.985397	0.974815	0.048868905132
0.980317	0.979259	0.0421007679154
0.984762	0.977778	0.0450030139958
0.983492	0.988148	0.0435506198555
0.983492	0.988148	0.0414340998977
0.986667	0.985185	0.0407861084677
0.984127	0.991111	0.0425816144173
0.984762	0.988148	0.041100670894
0.983492	0.979259	0.0383879539246
0.980952	0.98963	0.0436482671648
0.985397	0.982222	0.0364861577594
0.985397	0.988148	0.0438097510487
0.983492	0.977778	0.039416286163
0.985397	0.988148	0.0464658578858
0.969524	0.955556	0.0554575802137
0.973968	0.968889	0.0584308352942
0.973968	0.977778	0.0478425404678
0.980952	0.980741	0.0508531002949
0.986667	0.979259	0.0405563038463
0.984762	0.986667	0.0408709816014
0.990476	0.976296	0.0329085135212
0.987936	0.979259	0.0333631196991
0.986032	0.983704	0.0510266236961
0.987936	0.982222	0.0359328441943
0.986032	0.979259	0.0350346976581
0.972698	0.973333	0.0428690730284
0.977778	0.985185	0.0536425684889
0.987302	0.988148	0.0441580393041
0.984127	0.991111	0.0408595058446
0.987936	0.980741	0.0388483886297
0.988571	0.983704	0.0355568809124
0.986667	0.98963	0.0435660711179
0.989206	0.979259	0.0334793149183
0.986032	0.992593	0.0390071795943
0.986667	0.986667	0.0342233205835
0.986667	0.985185	0.040270977964
0.980952	0.982222	0.039513691018
0.982222	0.985185	0.0440888345862
0.981587	0.986667	0.0423441060508
0.990476	0.986667	0.0319255713063
0.980952	0.977778	0.0374705214441
0.983492	0.982222	0.0433458679666
0.986032	0.982222	0.034265894598
0.987936	0.983704	0.0369738725324
0.985397	0.971852	0.047455575938
0.980317	0.974815	0.0570117921258
0.990476	0.974815	0.0464609538515
0.988571	0.968889	0.0422939117998
0.979683	0.986667	0.0617881119251
0.975873	0.976296	0.0508552260386
0.959365	0.955556	0.0725901263456
0.973333	0.977778	0.0729410685599
0.95619	0.943704	0.0863190485785
0.95619	0.957037	0.0912904354433
0.96127	0.955556	0.0905910904209
0.972698	0.968889	0.0686661439637
0.975873	0.97037	0.0617757004996
0.982222	0.976296	0.0553282505522
0.985397	0.983704	0.0464691243445
0.988571	0.980741	0.0546275985738
0.987936	0.979259	0.0455452386911
0.987302	0.982222	0.0448763227711
0.984762	0.986667	0.0413588462397
0.987302	0.982222	0.0393121571591
0.981587	0.991111	0.0453264905761
0.989206	0.980741	0.0345732957746
0.988571	0.982222	0.0431559914723
0.984127	0.976296	0.0416849975785
0.985397	0.979259	0.0474049411714
0.980317	0.964444	0.0468547977507
0.974603	0.980741	0.0466002927472
0.982857	0.982222	0.0450118146837
0.985397	0.982222	0.0381971059057
0.986032	0.985185	0.0454722754657
0.985397	0.982222	0.0414495918279
0.985397	0.979259	0.0421847222994
0.989206	0.983704	0.0428302756821
0.987302	0.980741	0.0426520570181
0.986032	0.979259	0.050042301106
0.980952	0.980741	0.0383659076566
0.986667	0.988148	0.0445824923615
0.989841	0.980741	0.0321113821119
0.990476	0.98963	0.0347029337039
0.989206	0.988148	0.0489096834014
0.986032	0.991111	0.0435130866244
0.986667	0.994074	0.037047257026
0.986667	0.98963	0.0361992940307
0.988571	0.983704	0.0358685553074
0.987936	0.986667	0.0298412526026
0.991111	0.985185	0.0287367142737
0.990476	0.988148	0.035219947497
0.989206	0.983704	0.0322223653396
0.988571	0.988148	0.0289007195582
0.986032	0.994074	0.0349120724325
0.982857	0.979259	0.0391115695238
0.979048	0.976296	0.0593311721459
0.976508	0.973333	0.0463102515787
0.985397	0.980741	0.049726950936
0.975238	0.974815	0.0497327793079
0.981587	0.971852	0.0462255775928
0.988571	0.977778	0.0436902139336
0.979048	0.986667	0.0455121037861
0.987936	0.991111	0.0392192698394
0.987936	0.983704	0.0405173363785
0.982222	0.988148	0.0412675139184
0.989841	0.985185	0.0404684602593
0.984762	0.985185	0.0373423229903
0.987302	0.986667	0.0466199824587
0.982222	0.982222	0.0522929672152
0.990476	0.985185	0.0364009179175
0.991111	0.971852	0.0271984705081
0.987302	0.98963	0.0376567281783
0.986032	0.988148	0.0395219260827
0.989206	0.988148	0.030782117974
0.990476	0.983704	0.032194704283
0.987936	0.98963	0.0371883055195
0.990476	0.985185	0.034025072741
0.989841	0.986667	0.0265805125237
0.989206	0.988148	0.0344721291525
0.991746	0.985185	0.0277181230485
0.991111	0.988148	0.0276568932459
0.991111	0.988148	0.0267416367618
0.988571	0.994074	0.0297852475196
0.989841	0.991111	0.0257572798679
0.988571	0.992593	0.0304011184101
0.992381	0.983704	0.0237144092098
0.986667	0.98963	0.0349579413111
0.986667	0.980741	0.0361513222257
0.985397	0.98963	0.0459821565698
0.989841	0.985185	0.0376864057034
0.986667	0.992593	0.0391437401995
0.987936	0.986667	0.0284825395017
0.989841	0.986667	0.031070205383
0.989841	0.983704	0.0287709164744
0.989841	0.98963	0.0306203689737
0.989206	0.985185	0.0303634727995
0.991111	0.983704	0.0245891716331
0.988571	0.991111	0.025995817113
0.991746	0.985185	0.0271156253293
0.987936	0.988148	0.0271975134189
0.989206	0.983704	0.0273017324507
0.985397	0.986667	0.0263645129744
0.985397	0.983704	0.0271635921672
0.987302	0.982222	0.0252247736013
0.992381	0.985185	0.034767011491
0.991746	0.988148	0.0306260234987
0.989206	0.98963	0.0283673781281
0.989841	0.992593	0.0309476992115
0.991111	0.986667	0.0298994959642
0.988571	0.995556	0.0301376534626
0.990476	0.992593	0.0292351559425
0.990476	0.98963	0.0251660851451
0.993016	0.983704	0.0230075120926
0.989206	0.995556	0.0322166221061
0.989206	0.988148	0.0238027755792
0.989206	0.980741	0.0228047268465
0.991111	0.988148	0.0268375063315
0.991746	0.988148	0.0285065992114
0.989206	0.994074	0.0324350143783
0.990476	0.995556	0.0302296821028
0.991111	0.994074	0.0214553318607
0.991111	0.986667	0.0221606288105
0.989206	0.98963	0.0286164611268
0.989841	0.994074	0.0287840375677
0.989841	0.991111	0.0298122692232
0.990476	0.994074	0.0255126617849
0.989841	0.991111	0.0230425943931
0.992381	0.986667	0.0244751155066
0.991746	0.983704	0.0248438905304
0.991746	0.988148	0.0292321996142
0.989206	0.997037	0.0302802777539
0.990476	0.98963	0.026206369667
0.988571	0.979259	0.021624675331
0.985397	0.983704	0.0255010979405
0.985397	0.991111	0.0384096804385
0.980952	0.980741	0.050698135669
0.951111	0.954074	0.0975435040891
0.951746	0.942222	0.175348547598
0.952381	0.942222	0.119320804874
0.963175	0.955556	0.107731978099
0.975238	0.973333	0.0695545505732
0.980952	0.968889	0.054082101211
0.980317	0.977778	0.0527421518539
0.982222	0.982222	0.0546553619206
0.986032	0.986667	0.0438248099138
0.988571	0.992593	0.0418938544268
0.989206	0.985185	0.0364009588957
0.988571	0.991111	0.0305291969174
0.991746	0.986667	0.0314911579092
0.989841	0.985185	0.0345660569146
0.992381	0.983704	0.0287008409699
0.990476	0.992593	0.0340957467755
0.991746	0.983704	0.0446166096566
0.989206	0.988148	0.0310742141058
0.992381	0.98963	0.0316027989611
0.987936	0.986667	0.0313031595821
0.991746	0.98963	0.0375824946289
0.987936	0.994074	0.0274487559994
0.989841	0.994074	0.0276564937085
0.991111	0.991111	0.0262663085014
0.988571	0.997037	0.0298473038711
0.992381	0.98963	0.0261331455161
0.991746	0.988148	0.0302039952949
0.987302	0.991111	0.0252395099184
0.988571	0.992593	0.028002969455
0.986667	0.991111	0.0321299362307
0.989206	0.98963	0.0333448487024
0.987302	0.988148	0.0352989104576
0.987302	0.985185	0.0252022216252
0.986667	0.992593	0.0342829898
0.989206	0.991111	0.0278914310038
0.993016	0.985185	0.0224400114579
0.990476	0.98963	0.0252754110843
0.989841	0.992593	0.0273304075624
0.990476	0.991111	0.021960234968
0.991111	0.98963	0.0202162684873
0.992381	0.98963	0.0220580459572
0.991746	0.991111	0.0252734846435
0.987936	0.982222	0.0254462733865
0.991111	0.991111	0.0231353514828
0.994286	0.983704	0.0198873952031
0.987936	0.985185	0.0189309079821
0.991111	0.991111	0.0264981893512
0.986667	0.988148	0.0263441987336
0.987936	0.979259	0.0433910574454
0.979048	0.971852	0.0313141761969
0.985397	0.992593	0.0428134296089
0.970159	0.977778	0.1379368864
0.96381	0.971852	0.103316315139
0.970794	0.957037	0.108400290211
0.972063	0.961481	0.0730982857446
0.984127	0.974815	0.0660405531526
0.984762	0.97037	0.0538633887966
0.984762	0.98963	0.0465266034007
0.987936	0.986667	0.0398532108714
0.989206	0.985185	0.0324908386295
0.989206	0.991111	0.0315432837233
0.987302	0.991111	0.0319445932594
0.987302	0.994074	0.0346905207261
0.989841	0.991111	0.0343927216406
0.990476	0.986667	0.0271984841675
0.989206	0.992593	0.0269406214356
0.988571	0.992593	0.0372283762942
0.989841	0.992593	0.028580449832
0.989841	0.98963	0.0262518590316
0.993651	0.983704	0.0240913908929
0.990476	0.994074	0.0241473494874
0.991111	0.98963	0.0226255003363
0.989206	0.991111	0.0265800848914
0.989206	0.994074	0.0313185590009
0.991746	0.992593	0.0256580286659
0.993016	0.985185	0.0239122631028
0.992381	0.985185	0.0268378310526
0.991111	0.991111	0.028769081148
0.989206	0.995556	0.0256657994663
0.989206	0.98963	0.0241510720613
0.991746	0.986667	0.0226163291372
0.989206	0.994074	0.028636503499
0.991746	0.991111	0.0224749417976
0.992381	0.991111	0.0285456405642
0.989841	0.992593	0.0234203771688
0.988571	0.98963	0.0308055318892
0.983492	0.977778	0.0319542177022
0.987936	0.991111	0.0304820841799
0.991746	0.98963	0.0250947065651
0.991746	0.992593	0.0288944675898
0.979683	0.982222	0.0455864705145
0.979683	0.977778	0.0330411999797
0.980952	0.977778	0.0346646001562
0.978413	0.979259	0.0344112928336
0.984762	0.971852	0.0328515795991
0.986667	0.97037	0.0309627931565
0.987302	0.985185	0.0363472624061
0.988571	0.994074	0.0376829939584
0.992381	0.985185	0.0288021791105
0.992381	0.992593	0.0268727742756
0.991111	0.992593	0.0314228332912
0.992381	0.986667	0.0212815019768
0.992381	0.986667	0.0237844136233
0.991746	0.991111	0.0237079629054
0.994286	0.982222	0.023203364263
0.993651	0.986667	0.0259214102601
0.991111	0.995556	0.0237245625661
0.992381	0.992593	0.0214855223118
0.993016	0.985185	0.0214452824245
0.991746	0.991111	0.0246742423624
0.992381	0.991111	0.0242070678311
0.993016	0.991111	0.0198377662649
0.990476	0.997037	0.0229884590954
0.991111	0.992593	0.02243627732
0.991746	0.994074	0.0257461698105
0.993016	0.98963	0.0248214999835
0.989841	0.991111	0.0260871589805
0.991746	0.991111	0.0209522597337
0.992381	0.991111	0.0245342760657
0.991746	0.995556	0.0231326430415
0.993016	0.98963	0.0216177588639
0.992381	0.98963	0.0224130751255
0.991746	0.991111	0.0198479016932
0.992381	0.994074	0.0239700246602
0.993016	0.98963	0.0182078454333
0.987302	0.991111	0.0248543623602
0.971429	0.973333	0.0300024049357
0.984762	0.986667	0.0408984394744
0.984762	0.979259	0.0510417480643
0.980317	0.988148	0.0303240840634
0.991746	0.986667	0.0255029988475
0.972063	0.973333	0.0486246438231
0.975238	0.982222	0.044374950851
0.985397	0.974815	0.0933626722544
0.983492	0.986667	0.0747783593833
0.981587	0.977778	0.0532458008577
0.989841	0.988148	0.0462751941135
0.989841	0.982222	0.0314439026018
0.985397	0.98963	0.0349178211764
0.989206	0.98963	0.03596839495
0.992381	0.985185	0.0310634725417
0.989841	0.992593	0.0317026224608
0.985397	0.988148	0.0325643255686
0.991746	0.986667	0.0210753160839
0.991746	0.991111	0.026012986588
0.991746	0.992593	0.0278560798615
0.992381	0.992593	0.0261314194649
0.991746	0.994074	0.0287228959302
0.993016	0.988148	0.0204834965989
0.991111	0.994074	0.0233951125604
0.992381	0.991111	0.0190104426971
0.991111	0.995556	0.0213425258795
0.991746	0.994074	0.0225972897994
0.993016	0.992593	0.0194946276024
0.993651	0.991111	0.0202692697446
0.993016	0.98963	0.0281801540405
0.992381	0.98963	0.0179985100403
0.991746	0.992593	0.0208747023717
0.993016	0.985185	0.0190125046841
0.990476	0.995556	0.0261106921049
0.984127	0.983704	0.0280535031731
0.990476	0.992593	0.0282522384077
0.991746	0.988148	0.0243412028067
0.989841	0.994074	0.0256017198165
0.991111	0.986667	0.0252571827732
0.992381	0.98963	0.0257056934449
0.994286	0.986667	0.0195958043138
0.993651	0.982222	0.018691207127
0.993016	0.988148	0.0210706776318
0.992381	0.992593	0.0226602596231
0.991746	0.988148	0.0228638636569
0.991746	0.991111	0.0191857816341
0.991746	0.98963	0.0210242763472
0.992381	0.991111	0.0255385882532
0.991746	0.985185	0.0247694353263
0.993016	0.991111	0.0226592235267
0.988571	0.991111	0.0267433699531
0.991111	0.992593	0.0227623856626
0.989206	0.994074	0.0227427828747
0.985397	0.980741	0.0343022312348
0.990476	0.983704	0.032501651595
0.986032	0.983704	0.0249401385275
0.983492	0.982222	0.0353871295229
0.988571	0.98963	0.0399822521334
0.984762	0.977778	0.0327325440012
0.986667	0.992593	0.0326704904437
0.989841	0.988148	0.0300990104831
0.989841	0.991111	0.0293191058251
0.984127	0.977778	0.031509871905
0.986667	0.985185	0.0294098726784
0.990476	0.985185	0.0327906046684
0.992381	0.986667	0.0223817067842
0.989841	0.991111	0.0252602053806
0.991746	0.988148	0.0261274470637
0.991746	0.98963	0.0235521603997
0.991746	0.983704	0.0200596094752
0.989841	0.991111	0.0242237835191
0.991746	0.995556	0.0236141839996
0.989206	0.98963	0.0225203941421
0.990476	0.994074	0.0261755951991
0.989841	0.997037	0.0227878422787
0.990476	0.994074	0.022289941553
0.992381	0.991111	0.0218864656053
0.992381	0.991111	0.0250704586506
0.993016	0.991111	0.0196166307045
0.991746	0.992593	0.0228570468413
0.993016	0.991111	0.0174440622795
0.991111	0.995556	0.0308576381455
0.991111	0.992593	0.0212618395065
0.993651	0.98963	0.0176109002593
0.991746	0.992593	0.0227082273923
0.991746	0.98963	0.0204937523231
0.993016	0.992593	0.018674664277
0.993016	0.991111	0.0188667291465
0.991746	0.995556	0.0222749478805
0.991746	0.994074	0.0205397744042
0.988571	0.988148	0.0200122724442
0.992381	0.992593	0.0177904185063
0.993651	0.98963	0.0157559245126
0.994286	0.988148	0.0154567228941
0.994286	0.988148	0.0183714089605
0.992381	0.994074	0.0194114699649
0.993651	0.991111	0.0159350214526
0.993651	0.98963	0.0154106309637
0.991746	0.994074	0.0196457734564
0.990476	0.98963	0.0190501095106
0.993651	0.98963	0.0140468458412
0.995556	0.986667	0.0181151926517
0.993651	0.98963	0.0165689547236
0.994921	0.986667	0.0186201074782
0.993016	0.992593	0.0206490954539
0.988571	0.985185	0.0183630221679
0.993651	0.988148	0.0185539129501
0.991111	0.995556	0.0216364591615
0.991111	0.98963	0.0217819299238
0.984127	0.985185	0.0266516742607
0.985397	0.992593	0.034687513796
0.989841	0.995556	0.0291022613334
0.986032	0.980741	0.024893800728
0.986032	0.986667	0.0242703949722
0.965714	0.954074	0.0659249909222
0.971429	0.971852	0.0690202396363
0.987936	0.980741	0.0510918867464
0.970794	0.976296	0.0670533515513
0.982222	0.979259	0.0612210379913
0.983492	0.976296	0.0464568302656
0.994286	0.979259	0.0410576158514
0.993016	0.985185	0.0292515298352
0.986032	0.991111	0.0361010320485
0.994286	0.983704	0.0255779071401
0.991111	0.985185	0.024059901014
0.991746	0.991111	0.0269435184697
0.993016	0.988148	0.0227134046921
0.991746	0.988148	0.0218523677904
0.991746	0.994074	0.0224296928694
0.994286	0.988148	0.0186854408433
0.993016	0.98963	0.0221296365683
0.991746	0.992593	0.0223582708277
0.992381	0.992593	0.0180063827429
0.992381	0.98963	0.0209105086202
0.993016	0.992593	0.0181024780807
0.991746	0.994074	0.0183656842758
0.994286	0.988148	0.0211068188461
0.993016	0.992593	0.0212449945199
0.993651	0.991111	0.0200599157251
0.992381	0.992593	0.0215057116002
0.994286	0.98963	0.0162145636665
0.993016	0.992593	0.019151004497
0.993016	0.992593	0.0175266157215
0.991111	0.997037	0.0202652700245
0.990476	0.992593	0.0237125041895
0.992381	0.991111	0.0177022471714
0.991746	0.994074	0.0180564952704
0.991111	0.994074	0.0211890735663
0.994286	0.98963	0.0171712200778
0.992381	0.994074	0.0160547927565
0.991746	0.992593	0.0204341618034
0.993016	0.992593	0.0172301381826
0.991111	0.98963	0.0175122955504
0.992381	0.992593	0.0194644751027
0.992381	0.994074	0.0209257649258
0.991111	0.98963	0.0231092621883
0.993651	0.983704	0.0223628442424
0.993016	0.991111	0.0247762703026
0.994286	0.991111	0.0193518963642
0.992381	0.994074	0.0182715728879
0.991746	0.98963	0.0151222816591
0.991111	0.995556	0.0245978037516
0.991746	0.98963	0.0181434364834
0.993016	0.992593	0.020874627245
0.991111	0.997037	0.0203640620845
0.993016	0.992593	0.0136609178347
0.993651	0.991111	0.0170588909338
0.993016	0.992593	0.0169473750672
0.993016	0.992593	0.0160747903865
0.995556	0.986667	0.0152381290682
0.993016	0.992593	0.0169649839712
0.993016	0.992593	0.0194896532533
0.994286	0.991111	0.0179793201387
0.992381	0.994074	0.0178059657725
0.994286	0.98963	0.0194541262463
0.993651	0.992593	0.020514287365
0.993651	0.98963	0.0154400553244
0.994286	0.98963	0.0167408050038
0.994286	0.991111	0.0160891554939
0.995556	0.988148	0.0144451149584
0.993651	0.991111	0.0162316257289
0.991746	0.995556	0.017791062283
0.995556	0.988148	0.0186108772953
0.990476	0.997037	0.0186092051057
0.991746	0.995556	0.0216943140452
0.993651	0.991111	0.0172116158064
0.992381	0.994074	0.0214150175452
0.992381	0.992593	0.0159619422629
0.994286	0.992593	0.016111159542
0.993651	0.992593	0.0201537351434
0.992381	0.995556	0.0181614213313
0.993016	0.992593	0.0165242701769
0.993016	0.991111	0.0155959959763
0.993651	0.992593	0.0162404831111
0.993016	0.994074	0.0153585633185
0.991111	0.988148	0.0207429338867
0.990476	0.997037	0.0227464877535
0.990476	0.992593	0.0192937858713
0.991746	0.995556	0.021476652706
0.990476	0.992593	0.0210485784337
0.989841	0.994074	0.0203901155231
0.993016	0.991111	0.021387535613
0.993016	0.992593	0.0190664914747
0.990476	0.985185	0.0180790628462
0.991111	0.991111	0.0197294899262
0.993016	0.991111	0.023637191082
0.993016	0.992593	0.0216780548605
0.991111	0.997037	0.0223682594951
0.994921	0.991111	0.0138283225242
0.991746	0.997037	0.0226664060416
0.991746	0.997037	0.0231681587175
0.989841	0.997037	0.0199306569217
0.992381	0.995556	0.0196343871454
0.990476	0.985185	0.0171564837607
0.989841	0.98963	0.0227935759661
0.982857	0.985185	0.0262818303891
0.990476	0.988148	0.0258393019127
0.992381	0.992593	0.0172067663322
0.991746	0.988148	0.0171733465201
0.994286	0.991111	0.0158771847685
0.993016	0.994074	0.0197686734609
0.996825	0.985185	0.0133253745735
0.993016	0.994074	0.0168121123376
0.993016	0.994074	0.0154466867292
0.992381	0.994074	0.0156309678374
0.995556	0.986667	0.0158528760076
0.992381	0.992593	0.0163084602294
0.992381	0.992593	0.0147264945942
0.994921	0.98963	0.0135097744642
0.993651	0.992593	0.0141448053376
0.993016	0.992593	0.0206973654373
0.991746	0.991111	0.0184208403807
0.993651	0.991111	0.0209607697713
0.990476	0.998519	0.0361103946343
0.988571	0.995556	0.0245028622448
0.991746	0.992593	0.0232792751243
0.993016	0.991111	0.0218030296577
0.994286	0.98963	0.0197976442675
0.989841	1.0	0.0251923192603
0.968254	0.968889	0.0285793486983
0.966349	0.939259	0.133828857914
0.96254	0.952593	0.147681347715
0.961905	0.954074	0.0813777993123
0.972698	0.979259	0.0886220252141
0.981587	0.971852	0.0643973673383
0.984127	0.976296	0.0520278532058
0.986032	0.98963	0.0544128070275
0.990476	0.983704	0.0367285454025
0.989206	0.98963	0.0349650923163
0.989206	0.995556	0.0418079892794
0.990476	0.983704	0.0302196461707
0.991746	0.98963	0.0332310429464
0.991111	0.991111	0.02756421982
0.993651	0.988148	0.0224013860958
0.992381	0.98963	0.0222254071074
0.991111	0.994074	0.022951555904
0.994286	0.988148	0.019048402862
0.993651	0.98963	0.0197995967853
0.993651	0.992593	0.0189727678274
0.995556	0.986667	0.0150264927652
0.991111	0.997037	0.0203286994171
0.992381	0.994074	0.0217014515462
0.992381	0.994074	0.018008007668
0.991746	0.995556	0.0224856353986
0.993016	0.994074	0.0194424313183
0.993651	0.992593	0.0211200032694
0.994286	0.991111	0.0163389382651
0.991746	0.997037	0.0246928228686
0.993651	0.994074	0.0184885385291
0.993016	0.994074	0.0154636261674
0.992381	0.994074	0.0177579170559
0.993016	0.994074	0.0229616207847
0.993651	0.992593	0.0187075430683
0.993651	0.992593	0.0173967061564
0.993651	0.991111	0.0149998177464
0.994921	0.98963	0.0159235824055
0.995556	0.98963	0.0177887439883
0.994921	0.98963	0.0149053073643
0.993651	0.992593	0.0190079502451
0.991746	0.997037	0.0232030170349
0.993651	0.988148	0.0172902378254
0.994921	0.988148	0.0121354186364
0.992381	0.995556	0.0183723319011
0.993016	0.995556	0.0211534813667
0.987936	0.98963	0.018218078961
0.994286	0.992593	0.019821766143
0.992381	0.991111	0.0171587928198
0.993651	0.98963	0.0146974644934
0.993651	0.992593	0.0150417516318
0.994921	0.98963	0.0125707726305
0.994286	0.991111	0.0153641835786
0.993016	0.992593	0.0146725349283
0.992381	0.995556	0.0159819523493
0.995556	0.98963	0.0143447214117
0.993016	0.995556	0.0168844562334
0.993016	0.995556	0.0148121723905
0.994286	0.992593	0.0144753550024
0.994286	0.991111	0.0116992020824
0.992381	0.994074	0.018657248312
0.995556	0.98963	0.0140731856227
0.994921	0.991111	0.0186063967024
0.993651	0.992593	0.0158237038801
0.993016	0.995556	0.0171653954312
0.993651	0.994074	0.021106940927
0.993651	0.992593	0.0138697472091
0.990476	0.995556	0.0188246970841
0.992381	0.988148	0.0196638619527
0.991746	0.992593	0.0168767162443
0.993651	0.988148	0.0167461397747
0.987302	0.995556	0.029042768913
0.993016	0.988148	0.0179644709763
0.992381	0.994074	0.0204215049744
0.989841	0.98963	0.0268400482213
0.983492	0.976296	0.0250874590129
0.989206	0.980741	0.0365328886546
0.982222	0.983704	0.0402072817087
0.989841	0.994074	0.0253260411943
0.986032	0.986667	0.0374923422933
0.984762	0.983704	0.0330892841642
0.982222	0.976296	0.0373902874999
0.984762	0.976296	0.0297588501126
0.985397	0.983704	0.0297739583378
0.989841	0.991111	0.0237345181716
0.987936	0.994074	0.0254799948695
0.993016	0.992593	0.0270372706776
0.994286	0.991111	0.0190048667913
0.992381	0.995556	0.0179881462827
0.992381	0.997037	0.0194548993992
0.993016	0.994074	0.0154342255943
0.994286	0.991111	0.0202584667131
0.993016	0.994074	0.0158180093082
0.993016	0.995556	0.0191929674086
0.992381	0.995556	0.0157062983296
0.993651	0.994074	0.0194265071768
0.994286	0.992593	0.0172646576539
0.993651	0.994074	0.0139335983743
0.993651	0.992593	0.0176079873927
0.993651	0.992593	0.0163258224105
0.991746	0.991111	0.0211896025576
0.992381	0.992593	0.0210384385039
0.989206	0.974815	0.0167354663524
0.990476	0.995556	0.021495974157
0.992381	0.994074	0.0195719287731
0.993016	0.992593	0.0182790006317
0.993651	0.992593	0.0151796022741
0.991746	0.98963	0.0176565550889
0.991111	0.986667	0.0155236814171
0.993651	0.991111	0.020418756331
0.994286	0.988148	0.0158094748234
0.994286	0.992593	0.0190317329834
0.992381	0.994074	0.0174646962744
0.994921	0.988148	0.0145170168641
0.993016	0.994074	0.0186558778708
0.992381	0.995556	0.0187690577004
0.991746	0.997037	0.0221167934748
0.993016	0.986667	0.0152179899936
0.994286	0.98963	0.0149271951523
0.993651	0.991111	0.0130397075166
0.993651	0.991111	0.0167970919671
0.991746	0.994074	0.0173607013033
0.991111	0.994074	0.018544650559
0.992381	0.992593	0.0189340878278
0.993651	0.992593	0.0160706580694
0.993651	0.994074	0.0155212611426
0.994921	0.991111	0.0182845618886
0.994921	0.991111	0.0146457002653
0.992381	0.997037	0.019532336543
0.992381	0.98963	0.0146770643381
0.993651	0.994074	0.016472363146
0.994921	0.991111	0.0119839782516
0.991746	0.998519	0.0181413975855
0.993016	0.995556	0.0157443216691
0.993651	0.994074	0.0176487715604
0.994921	0.991111	0.0160606678886
0.993651	0.994074	0.0195726792639
0.993651	0.994074	0.0183592918329
0.993651	0.994074	0.0134387193636
0.992381	0.995556	0.0196606119474
0.993651	0.991111	0.0140185750012
0.995556	0.988148	0.0125136363786
0.993651	0.992593	0.0161424997884
0.994286	0.985185	0.0155891029475
